0.681, 0.694, 0.692, 98.261
0.260, 0.182, 1.948, 98.373
0.053, 0.039, 3.401, 96.083
0.011, 0.017, 4.281, 107.237
0.009, 0.009, 4.835, 97.854
0.005, 0.006, 5.297, 98.200
0.006, 0.004, 5.706, 100.316
0.003, 0.003, 5.932, 99.633
0.001, 0.002, 6.372, 103.070
0.002, 0.002, 6.463, 101.497
0.002, 0.001, 6.917, 102.736
0.001, 0.001, 7.096, 99.089
0.002, 0.001, 7.226, 98.097
0.000, 0.001, 7.410, 97.023
0.001, 0.001, 7.565, 99.838
0.001, 0.000, 7.929, 99.204
0.000, 0.000, 8.019, 98.851
0.001, 0.000, 8.150, 98.221
0.000, 0.000, 8.334, 100.121
0.000, 0.000, 8.354, 97.619
0.000, 0.000, 8.224, 100.465
0.000, 0.000, 8.415, 104.367
0.000, 0.000, 8.526, 95.568
0.000, 0.000, 8.776, 103.213
0.000, 0.000, 8.754, 101.517
0.006, 0.000, 8.380, 101.763
0.000, 0.000, 8.896, 102.993
0.000, 0.000, 8.979, 97.321
0.000, 0.000, 8.938, 101.220
0.000, 0.000, 8.828, 99.346
0.000, 0.000, 9.341, 99.113
0.000, 0.000, 9.647, 100.153
0.000, 0.000, 9.362, 101.074
0.000, 0.000, 9.561, 104.878
0.000, 0.000, 9.422, 98.388
0.004, 0.000, 9.150, 99.024
0.000, 0.000, 9.724, 99.113
0.000, 0.000, 9.787, 95.284
0.000, 0.000, 10.038, 99.807
0.000, 0.000, 10.172, 99.652
0.000, 0.000, 9.321, 100.602
0.000, 0.001, 9.082, 100.662
0.000, 0.000, 10.157, 96.225
0.000, 0.000, 10.357, 102.136
0.000, 0.000, 10.139, 100.236
0.000, 0.000, 10.511, 97.289
0.000, 0.000, 10.307, 102.354
0.000, 0.000, 10.509, 98.953
0.000, 0.000, 10.625, 95.568
0.000, 0.000, 10.408, 103.846
0.000, 0.000, 10.641, 99.234
0.000, 0.000, 10.788, 102.219
0.000, 0.000, 10.761, 101.640
0.000, 0.000, 10.431, 101.157
0.000, 0.000, 10.655, 102.705
0.000, 0.000, 11.099, 95.981
0.000, 0.000, 10.819, 101.667
0.000, 0.000, 11.261, 98.599
0.048, 2.543, 19.243, 99.479
0.529, 1.060, 1.401, 80.887
0.484, 0.424, 1.582, 43.740
0.698, 0.693, 1.147, 46.587
0.925, 0.953, 0.707, 31.720
0.778, 0.757, 0.794, 27.771
0.705, 0.612, 0.983, 32.899
0.676, 0.631, 0.909, 37.074
0.658, 0.780, 0.718, 38.122
0.631, 0.773, 0.719, 51.387
0.672, 0.706, 0.764, 33.686
0.725, 0.810, 0.670, 43.088
0.730, 0.722, 0.724, 25.707
0.695, 0.733, 0.717, 32.207
0.655, 0.761, 0.697, 19.525
0.664, 0.685, 0.759, 17.791
0.696, 0.718, 0.728, 23.387
0.694, 0.710, 0.735, 21.143
0.679, 0.684, 0.751, 21.539
0.669, 0.721, 0.708, 18.669
0.677, 0.670, 0.768, 16.046
0.723, 0.706, 0.759, 18.356
0.685, 0.719, 0.741, 16.722
0.634, 0.728, 0.699, 17.057
0.630, 0.693, 0.734, 21.671
0.646, 0.694, 0.727, 20.657
0.684, 0.683, 0.739, 20.809
0.696, 0.699, 0.722, 21.255
0.703, 0.668, 0.761, 20.512
0.730, 0.677, 0.749, 18.417
0.731, 0.642, 0.812, 27.928
0.717, 0.686, 0.784, 20.627
0.655, 0.827, 0.646, 17.491
0.622, 0.620, 0.830, 22.592
0.662, 0.606, 0.871, 29.684
0.688, 0.761, 0.689, 26.773
0.674, 0.636, 0.798, 17.572
0.697, 0.612, 0.860, 20.752
0.657, 0.755, 0.695, 18.838
0.637, 0.681, 0.761, 18.473
0.645, 0.662, 0.774, 24.222
0.688, 0.709, 0.723, 25.415
0.675, 0.659, 0.803, 16.951
0.685, 0.619, 0.861, 17.428
0.673, 0.734, 0.731, 22.833
0.631, 0.720, 0.744, 18.258
0.622, 0.622, 0.819, 22.927
0.650, 0.640, 0.794, 23.144
0.665, 0.663, 0.794, 23.452
0.671, 0.724, 0.738, 23.622
0.653, 0.698, 0.740, 21.413
0.664, 0.649, 0.775, 15.868
0.668, 0.686, 0.751, 24.613
0.681, 0.701, 0.735, 20.707
0.651, 0.691, 0.763, 18.946
0.668, 0.691, 0.761, 18.401
0.663, 0.697, 0.765, 15.903
0.632, 0.695, 0.755, 15.988
0.652, 0.666, 0.789, 17.812
0.632, 0.626, 0.829, 14.441
0.635, 0.621, 0.847, 18.558
0.658, 0.610, 0.856, 16.460
0.638, 0.633, 0.842, 20.958
0.646, 0.663, 0.818, 16.624
0.651, 0.651, 0.799, 15.363
0.682, 0.680, 0.775, 19.838
0.676, 0.686, 0.777, 17.498
0.675, 0.692, 0.759, 16.975
0.688, 0.673, 0.793, 16.003
0.647, 0.685, 0.774, 18.748
0.667, 0.686, 0.764, 15.396
0.668, 0.671, 0.793, 16.111
0.641, 0.681, 0.782, 16.518
0.654, 0.670, 0.773, 15.590
0.651, 0.698, 0.775, 13.846
0.647, 0.687, 0.772, 16.501
0.622, 0.710, 0.762, 18.053
0.648, 0.625, 0.858, 16.346
0.685, 0.577, 0.918, 22.023
0.623, 0.638, 0.829, 16.851
0.696, 0.584, 0.907, 21.233
0.629, 0.623, 0.843, 15.469
0.673, 0.596, 0.901, 16.887
0.635, 0.653, 0.810, 15.574
0.641, 0.696, 0.822, 18.697
0.649, 0.683, 0.760, 16.926
0.643, 0.722, 0.749, 15.504
0.701, 0.599, 0.890, 16.017
0.630, 0.653, 0.823, 15.160
0.657, 0.732, 0.790, 13.486
0.685, 0.658, 0.795, 16.628
0.637, 0.659, 0.818, 14.478
0.659, 0.687, 0.780, 14.560
0.672, 0.670, 0.793, 13.982
0.652, 0.640, 0.831, 14.584
0.648, 0.739, 0.758, 16.549
0.689, 0.635, 0.833, 12.295
0.649, 0.651, 0.818, 15.679
0.650, 0.727, 0.752, 14.054
0.675, 0.601, 0.886, 14.388
0.663, 0.691, 0.745, 13.455
0.635, 0.645, 0.831, 12.427
0.656, 0.736, 0.750, 15.035
0.673, 0.592, 0.915, 18.021
0.656, 0.706, 0.750, 12.948
0.635, 0.641, 0.842, 14.844
0.639, 0.672, 0.805, 15.180
0.641, 0.716, 0.759, 17.865
0.688, 0.610, 0.884, 12.503
0.693, 0.620, 0.843, 15.373
0.672, 0.722, 0.757, 15.036
0.629, 0.646, 0.837, 15.041
0.620, 0.626, 0.867, 12.695
0.623, 0.696, 0.792, 15.847
0.641, 0.746, 0.741, 15.414
0.678, 0.696, 0.782, 14.556
0.684, 0.593, 0.921, 17.211
0.680, 0.551, 0.953, 17.506
0.687, 0.588, 0.923, 15.248
0.685, 0.629, 0.827, 13.642
0.675, 0.667, 0.781, 12.942
0.667, 0.725, 0.748, 11.923
0.658, 0.705, 0.759, 12.955
0.645, 0.662, 0.811, 13.462
0.616, 0.629, 0.847, 13.383
0.626, 0.633, 0.843, 13.552
0.653, 0.700, 0.771, 14.251
0.634, 0.707, 0.769, 13.044
0.639, 0.688, 0.799, 14.937
0.680, 0.628, 0.870, 14.565
0.688, 0.579, 0.927, 16.499
0.665, 0.571, 0.921, 15.750
0.658, 0.609, 0.855, 14.089
0.668, 0.670, 0.786, 13.069
0.681, 0.702, 0.770, 12.944
0.660, 0.695, 0.775, 12.177
0.649, 0.679, 0.812, 11.708
0.638, 0.607, 0.865, 12.873
0.618, 0.629, 0.868, 10.285
0.613, 0.607, 0.905, 12.157
0.638, 0.657, 0.843, 12.719
0.639, 0.687, 0.819, 12.606
0.623, 0.703, 0.776, 13.096
0.664, 0.731, 0.757, 12.247
0.637, 0.709, 0.785, 13.394
0.677, 0.678, 0.848, 12.052
0.654, 0.599, 0.912, 13.923
0.692, 0.559, 0.989, 14.182
0.681, 0.566, 0.977, 12.491
0.665, 0.556, 1.004, 11.930
0.669, 0.559, 0.960, 12.083
0.674, 0.555, 0.957, 13.114
0.675, 0.574, 0.911, 12.961
0.656, 0.612, 0.880, 12.628
0.614, 0.661, 0.806, 10.995
0.663, 0.738, 0.777, 11.647
0.657, 0.723, 0.786, 12.679
0.644, 0.669, 0.818, 12.233
0.646, 0.610, 0.879, 13.746
0.617, 0.661, 0.847, 13.175
0.671, 0.722, 0.789, 15.675
0.653, 0.660, 0.853, 12.802
0.681, 0.558, 0.957, 12.698
0.646, 0.595, 0.876, 13.220
0.662, 0.754, 0.766, 13.035
0.626, 0.688, 0.829, 12.677
0.630, 0.609, 0.892, 13.151
0.622, 0.650, 0.850, 12.630
0.646, 0.690, 0.785, 12.426
0.683, 0.599, 0.925, 12.245
0.666, 0.600, 0.908, 10.572
0.630, 0.684, 0.797, 11.204
0.655, 0.636, 0.881, 11.899
0.621, 0.685, 0.834, 10.788
0.684, 0.612, 0.895, 10.580
0.643, 0.675, 0.810, 10.197
0.654, 0.638, 0.853, 10.158
0.658, 0.683, 0.844, 10.492
0.631, 0.663, 0.831, 10.843
0.635, 0.637, 0.871, 10.341
0.691, 0.609, 0.892, 12.081
0.633, 0.671, 0.844, 9.650
0.648, 0.703, 0.819, 11.874
0.663, 0.679, 0.828, 11.205
0.654, 0.683, 0.833, 9.828
0.666, 0.653, 0.796, 10.540
0.650, 0.645, 0.861, 10.727
0.652, 0.659, 0.830, 10.650
0.649, 0.637, 0.839, 9.994
0.675, 0.638, 0.843, 12.383
0.658, 0.650, 0.838, 11.218
0.636, 0.674, 0.872, 9.622
0.639, 0.656, 0.846, 10.715
0.650, 0.674, 0.833, 9.308
0.675, 0.637, 0.839, 9.464
0.672, 0.662, 0.845, 10.065
0.629, 0.648, 0.851, 9.534
0.674, 0.656, 0.820, 9.818
0.657, 0.669, 0.817, 9.452
0.674, 0.658, 0.828, 10.944
0.664, 0.648, 0.837, 8.606
0.661, 0.650, 0.825, 10.619
0.653, 0.654, 0.822, 11.270
0.661, 0.645, 0.830, 9.183
0.652, 0.657, 0.821, 9.975
0.652, 0.665, 0.844, 10.746
0.659, 0.657, 0.827, 9.468
0.642, 0.666, 0.839, 11.200
0.688, 0.658, 0.828, 9.458
0.664, 0.643, 0.833, 10.740
0.640, 0.655, 0.823, 11.043
0.675, 0.646, 0.813, 9.562
0.658, 0.681, 0.840, 10.311
0.660, 0.653, 0.853, 12.450
0.657, 0.672, 0.823, 9.476
0.668, 0.628, 0.848, 9.820
0.670, 0.660, 0.828, 9.683
0.673, 0.665, 0.838, 9.390
0.675, 0.665, 0.825, 9.985
0.647, 0.662, 0.835, 10.282
0.645, 0.667, 0.846, 9.851
0.665, 0.642, 0.837, 9.417
0.653, 0.659, 0.834, 11.073
0.647, 0.676, 0.819, 10.068
0.666, 0.658, 0.835, 10.010
0.670, 0.623, 0.848, 10.627
0.654, 0.652, 0.841, 11.078
0.658, 0.652, 0.826, 9.075
0.642, 0.657, 0.810, 9.530
0.664, 0.655, 0.841, 10.114
0.693, 0.670, 0.817, 10.053
0.669, 0.647, 0.843, 10.017
0.638, 0.640, 0.837, 9.120
0.663, 0.654, 0.810, 9.627
0.647, 0.652, 0.830, 8.905
0.646, 0.665, 0.835, 10.362
0.663, 0.664, 0.848, 10.113
0.667, 0.663, 0.830, 9.481
0.671, 0.676, 0.834, 10.008
0.684, 0.661, 0.817, 9.535
0.682, 0.649, 0.829, 10.011
0.664, 0.670, 0.810, 10.845
0.673, 0.673, 0.813, 10.039
0.669, 0.662, 0.828, 9.298
0.669, 0.663, 0.823, 10.262
0.672, 0.661, 0.815, 10.088
0.666, 0.668, 0.810, 9.782
0.656, 0.664, 0.850, 10.219
0.658, 0.667, 0.821, 9.536
0.651, 0.657, 0.831, 10.763
0.687, 0.625, 0.818, 10.030
0.666, 0.677, 0.815, 9.535
0.700, 0.666, 0.822, 8.881
0.671, 0.674, 0.829, 9.416
0.648, 0.648, 0.843, 10.384
0.676, 0.684, 0.820, 9.651
0.657, 0.686, 0.819, 9.681
0.632, 0.659, 0.822, 10.867
0.666, 0.648, 0.818, 9.849
0.687, 0.667, 0.821, 9.039
0.661, 0.682, 0.803, 9.236
0.669, 0.682, 0.811, 10.098
0.657, 0.665, 0.831, 10.138
0.672, 0.650, 0.825, 10.230
0.689, 0.633, 0.852, 9.130
0.639, 0.647, 0.850, 9.363
0.666, 0.629, 0.922, 11.190
0.626, 0.593, 1.147, 12.709
0.640, 0.643, 0.941, 11.266
0.642, 0.751, 0.775, 9.512
0.648, 0.664, 0.826, 9.181
0.671, 0.653, 0.876, 9.510
0.662, 0.678, 0.809, 9.117
0.655, 0.669, 0.817, 9.300
0.638, 0.666, 0.839, 8.621
0.631, 0.678, 0.820, 9.447
0.647, 0.656, 0.836, 9.486
0.646, 0.662, 0.822, 10.030
0.678, 0.671, 0.810, 9.625
0.656, 0.671, 0.814, 9.353
0.657, 0.667, 0.825, 10.462
0.675, 0.661, 0.824, 9.155
0.669, 0.660, 0.814, 9.240
0.649, 0.678, 0.818, 10.542
0.670, 0.671, 0.811, 9.298
0.659, 0.675, 0.810, 10.019
0.634, 0.661, 0.797, 9.734
0.684, 0.658, 0.815, 9.583
0.673, 0.673, 0.813, 9.204
0.656, 0.681, 0.823, 8.967
0.687, 0.665, 0.826, 9.240
0.652, 0.670, 0.817, 9.269
0.643, 0.689, 0.822, 8.925
0.647, 0.680, 0.801, 11.197
0.677, 0.656, 0.805, 9.444
0.669, 0.639, 0.823, 9.565
0.662, 0.657, 0.813, 9.425
0.687, 0.652, 0.838, 8.543
0.661, 0.671, 0.800, 9.065
0.676, 0.668, 0.807, 9.016
0.669, 0.649, 0.808, 9.525
0.667, 0.646, 0.814, 8.782
0.670, 0.648, 0.819, 8.526
0.674, 0.648, 0.817, 8.952
0.668, 0.679, 0.809, 10.262
0.683, 0.674, 0.818, 9.315
0.686, 0.677, 0.799, 8.876
0.671, 0.677, 0.803, 8.758
0.691, 0.675, 0.825, 9.958
0.666, 0.664, 0.814, 8.820
0.698, 0.680, 0.816, 8.684
0.634, 0.671, 0.808, 9.419
0.665, 0.696, 0.834, 8.993
0.700, 0.671, 0.823, 7.759
0.650, 0.651, 0.832, 9.001
0.680, 0.664, 0.833, 8.915
0.673, 0.654, 0.813, 9.439
0.686, 0.662, 0.818, 9.180
0.679, 0.656, 0.833, 8.529
0.692, 0.664, 0.819, 10.289
0.660, 0.655, 0.820, 9.309
0.652, 0.649, 0.834, 8.577
0.668, 0.663, 0.812, 9.133
0.652, 0.677, 0.806, 10.541
0.678, 0.649, 0.795, 10.737
0.683, 0.658, 0.832, 8.871
0.685, 0.659, 0.823, 8.685
0.664, 0.660, 0.813, 9.673
0.661, 0.673, 0.820, 10.127
0.670, 0.684, 0.820, 9.355
0.678, 0.665, 0.816, 9.683
0.660, 0.680, 0.824, 8.651
0.645, 0.667, 0.816, 10.615
0.671, 0.668, 0.804, 9.424
0.651, 0.674, 0.805, 8.203
0.672, 0.661, 0.824, 9.258
0.668, 0.645, 0.811, 8.816
0.664, 0.662, 0.807, 8.887
0.646, 0.649, 0.816, 9.504
0.671, 0.661, 0.815, 9.040
0.674, 0.685, 0.815, 10.275
0.659, 0.678, 0.834, 9.591
0.650, 0.656, 0.800, 9.574
0.683, 0.661, 0.817, 8.824
0.668, 0.670, 0.802, 9.729
0.688, 0.685, 0.821, 9.089
0.691, 0.648, 0.808, 8.728
0.642, 0.684, 0.803, 10.107
0.669, 0.667, 0.815, 9.351
0.679, 0.648, 0.811, 9.806
0.693, 0.667, 0.827, 8.155
0.667, 0.657, 0.820, 9.867
0.670, 0.679, 0.818, 10.254
0.652, 0.657, 0.818, 9.064
0.654, 0.650, 0.826, 8.833
0.655, 0.663, 0.812, 8.543
0.685, 0.651, 0.816, 9.911
0.690, 0.663, 0.811, 9.113
0.694, 0.677, 0.810, 8.981
0.671, 0.675, 0.787, 10.229
0.668, 0.664, 0.805, 8.606
0.652, 0.643, 0.833, 9.429
0.653, 0.677, 0.813, 9.930
0.654, 0.653, 0.822, 9.440
0.660, 0.648, 0.820, 8.227
0.701, 0.662, 0.809, 8.854
0.680, 0.676, 0.812, 9.842
0.673, 0.643, 0.834, 9.145
0.642, 0.665, 0.824, 10.130
0.670, 0.679, 0.793, 8.249
0.681, 0.678, 0.805, 9.352
0.668, 0.659, 0.809, 9.243
0.682, 0.673, 0.817, 8.824
0.699, 0.678, 0.814, 8.975
0.693, 0.671, 0.812, 9.123
0.678, 0.661, 0.804, 8.499
0.667, 0.656, 0.818, 8.621
0.656, 0.673, 0.814, 8.676
0.673, 0.667, 0.786, 9.093
0.675, 0.671, 0.825, 9.670
0.652, 0.653, 0.824, 10.296
0.662, 0.660, 0.804, 7.999
0.676, 0.672, 0.825, 8.949
0.698, 0.659, 0.826, 9.196
0.664, 0.686, 0.814, 9.094
0.687, 0.668, 0.807, 8.519
0.682, 0.644, 0.822, 10.879
0.675, 0.678, 0.803, 8.985
0.663, 0.667, 0.812, 9.009
0.687, 0.660, 0.814, 9.050
0.658, 0.677, 0.823, 9.033
0.678, 0.674, 0.807, 9.992
0.687, 0.672, 0.819, 8.964
0.678, 0.663, 0.797, 8.685
0.703, 0.667, 0.808, 8.310
0.666, 0.660, 0.826, 8.359
0.673, 0.686, 0.812, 8.880
0.682, 0.643, 0.815, 9.687
0.652, 0.667, 0.801, 9.498
0.669, 0.643, 0.837, 9.351
0.694, 0.657, 0.802, 9.385
0.648, 0.669, 0.825, 9.636
0.675, 0.661, 0.808, 8.155
0.686, 0.672, 0.799, 9.166
0.658, 0.660, 0.804, 8.481
0.662, 0.661, 0.830, 9.366
0.672, 0.686, 0.817, 8.852
0.677, 0.680, 0.823, 9.173
0.681, 0.675, 0.787, 8.606
0.672, 0.651, 0.805, 8.761
0.667, 0.677, 0.806, 9.090
0.672, 0.641, 0.807, 9.570
0.681, 0.642, 0.828, 8.776
0.665, 0.658, 0.815, 9.116
0.664, 0.631, 0.828, 9.209
0.675, 0.658, 0.810, 8.722
0.683, 0.654, 0.835, 9.622
0.671, 0.635, 0.801, 9.666
0.648, 0.627, 0.792, 8.871
0.674, 0.684, 0.824, 9.702
0.683, 0.679, 0.795, 8.758
0.650, 0.656, 0.810, 8.859
0.656, 0.670, 0.801, 9.377
0.696, 0.677, 0.818, 8.573
0.657, 0.672, 0.807, 9.312
0.669, 0.660, 0.815, 10.067
0.696, 0.656, 0.818, 8.828
0.675, 0.684, 0.803, 8.970
0.658, 0.654, 0.801, 8.991
0.653, 0.660, 0.818, 8.559
0.688, 0.681, 0.800, 9.035
0.669, 0.673, 0.810, 8.795
0.657, 0.670, 0.819, 9.399
0.675, 0.671, 0.825, 8.908
0.692, 0.685, 0.792, 8.987
0.669, 0.663, 0.802, 9.656
0.660, 0.683, 0.804, 9.195
0.689, 0.667, 0.799, 8.855
0.660, 0.667, 0.807, 9.135
0.666, 0.677, 0.819, 8.898
0.675, 0.624, 0.811, 8.268
0.646, 0.683, 0.804, 10.054
0.683, 0.670, 0.813, 8.802
0.680, 0.682, 0.802, 9.413
0.649, 0.682, 0.838, 8.272
0.673, 0.645, 0.785, 8.274
0.664, 0.661, 0.817, 9.606
0.674, 0.657, 0.799, 9.754
0.670, 0.669, 0.806, 9.395
0.670, 0.656, 0.815, 7.886
0.666, 0.661, 0.803, 8.456
0.681, 0.668, 0.796, 9.161
0.662, 0.668, 0.805, 9.968
0.693, 0.675, 0.805, 9.088
0.664, 0.661, 0.813, 9.979
0.664, 0.659, 0.792, 8.704
0.661, 0.654, 0.809, 9.811
0.688, 0.652, 0.810, 8.628
0.678, 0.675, 0.810, 9.688
0.688, 0.665, 0.798, 8.750
0.668, 0.686, 0.798, 8.738
0.639, 0.682, 0.795, 9.693
0.686, 0.652, 0.801, 8.697
0.664, 0.668, 0.807, 9.918
0.672, 0.680, 0.821, 9.469
0.675, 0.668, 0.810, 8.910
0.674, 0.644, 0.794, 10.104
0.653, 0.644, 0.828, 9.910
0.647, 0.660, 0.788, 8.284
0.684, 0.659, 0.798, 8.808
0.679, 0.668, 0.817, 8.942
0.649, 0.674, 0.814, 9.502
0.676, 0.651, 0.811, 8.181
0.673, 0.645, 0.837, 9.743
0.678, 0.663, 0.809, 8.966
0.662, 0.666, 0.803, 8.833
0.657, 0.656, 0.789, 9.046
0.669, 0.666, 0.818, 9.153
0.669, 0.673, 0.803, 10.331
0.671, 0.677, 0.804, 8.439
0.641, 0.666, 0.800, 8.402
0.663, 0.684, 0.805, 8.148
0.655, 0.672, 0.801, 9.560
0.691, 0.681, 0.786, 8.776
0.695, 0.680, 0.816, 9.288
0.675, 0.650, 0.800, 9.376
0.680, 0.683, 0.782, 8.475
0.654, 0.671, 0.801, 8.483
0.689, 0.679, 0.780, 8.737
0.683, 0.671, 0.793, 9.248
0.683, 0.671, 0.809, 9.146
0.677, 0.659, 0.815, 8.740
0.674, 0.701, 0.794, 8.550
0.673, 0.667, 0.827, 9.558
0.660, 0.671, 0.801, 9.376
0.656, 0.667, 0.811, 8.993
0.673, 0.657, 0.789, 9.139
0.672, 0.660, 0.810, 8.209
0.690, 0.664, 0.801, 8.617
0.670, 0.691, 0.819, 9.000
0.670, 0.666, 0.799, 8.831
0.694, 0.671, 0.781, 8.677
0.669, 0.674, 0.801, 8.487
0.682, 0.676, 0.794, 8.654
0.680, 0.680, 0.794, 7.495
0.681, 0.662, 0.812, 8.337
0.660, 0.661, 0.802, 8.935
0.681, 0.673, 0.813, 10.056
0.675, 0.685, 0.785, 8.605
0.670, 0.653, 0.816, 9.796
0.680, 0.678, 0.804, 9.139
0.668, 0.681, 0.798, 9.788
0.668, 0.664, 0.794, 9.325
0.660, 0.684, 0.811, 8.377
0.676, 0.666, 0.798, 8.797
0.688, 0.688, 0.802, 9.148
0.684, 0.668, 0.789, 7.902
0.679, 0.666, 0.797, 9.133
0.632, 0.669, 0.809, 8.701
0.647, 0.656, 0.813, 8.704
0.669, 0.700, 0.800, 8.105
0.646, 0.661, 0.803, 9.186
0.659, 0.686, 0.800, 8.507
0.688, 0.657, 0.819, 8.337
0.696, 0.670, 0.802, 10.555
0.674, 0.685, 0.807, 8.648
0.671, 0.644, 0.791, 9.698
0.676, 0.673, 0.789, 9.383
0.696, 0.653, 0.821, 9.305
0.663, 0.696, 0.802, 8.714
0.685, 0.678, 0.787, 8.261
0.680, 0.670, 0.809, 9.457
0.687, 0.670, 0.802, 7.733
0.671, 0.640, 0.804, 9.543
0.652, 0.652, 0.812, 8.782
0.670, 0.658, 0.803, 8.617
0.682, 0.665, 0.789, 8.983
0.660, 0.653, 0.797, 8.731
0.666, 0.667, 0.793, 8.600
0.682, 0.655, 0.797, 8.612
0.656, 0.664, 0.807, 10.470
0.660, 0.679, 0.807, 8.760
0.688, 0.675, 0.811, 10.150
0.656, 0.671, 0.809, 8.735
0.675, 0.684, 0.816, 8.034
0.689, 0.667, 0.808, 8.858
0.677, 0.667, 0.784, 8.720
0.670, 0.678, 0.800, 9.613
0.676, 0.667, 0.775, 8.357
0.677, 0.642, 0.817, 8.924
0.692, 0.674, 0.779, 8.566
0.692, 0.666, 0.791, 9.005
0.675, 0.670, 0.802, 8.865
0.684, 0.679, 0.801, 9.949
0.666, 0.688, 0.804, 9.319
0.686, 0.673, 0.794, 8.920
0.680, 0.698, 0.786, 9.093
0.671, 0.668, 0.818, 8.515
0.648, 0.666, 0.791, 7.949
0.662, 0.672, 0.803, 8.336
0.667, 0.663, 0.798, 9.351
0.699, 0.661, 0.799, 8.362
0.674, 0.651, 0.805, 9.157
0.692, 0.658, 0.789, 8.532
0.653, 0.663, 0.801, 7.914
0.675, 0.655, 0.804, 8.964
0.665, 0.651, 0.805, 8.698
0.682, 0.663, 0.797, 8.030
0.670, 0.670, 0.804, 9.247
0.691, 0.687, 0.806, 7.963
0.686, 0.649, 0.791, 8.997
0.678, 0.674, 0.794, 8.577
0.677, 0.662, 0.801, 8.419
0.677, 0.655, 0.793, 8.901
0.674, 0.681, 0.782, 9.593
0.690, 0.672, 0.799, 8.662
0.679, 0.652, 0.807, 8.614
0.661, 0.688, 0.785, 8.123
0.679, 0.670, 0.801, 8.122
0.685, 0.666, 0.813, 7.514
0.679, 0.665, 0.791, 9.090
0.674, 0.674, 0.782, 8.620
0.676, 0.687, 0.794, 8.423
0.654, 0.661, 0.805, 9.094
0.680, 0.656, 0.820, 8.792
0.660, 0.683, 0.805, 7.786
0.668, 0.675, 0.780, 8.565
0.671, 0.653, 0.797, 9.853
0.668, 0.655, 0.804, 8.746
0.684, 0.669, 0.799, 8.912
0.686, 0.673, 0.806, 8.639
0.669, 0.679, 0.791, 8.534
0.669, 0.653, 0.792, 8.260
0.698, 0.666, 0.780, 7.903
0.678, 0.657, 0.810, 9.012
0.670, 0.667, 0.795, 9.559
0.669, 0.667, 0.813, 8.970
0.678, 0.686, 0.793, 8.756
0.690, 0.670, 0.803, 9.514
0.681, 0.673, 0.822, 8.782
0.681, 0.675, 0.801, 9.417
0.662, 0.684, 0.803, 8.042
0.687, 0.674, 0.782, 9.784
0.685, 0.687, 0.782, 8.971
0.665, 0.660, 0.784, 8.790
0.668, 0.675, 0.798, 8.328
0.682, 0.662, 0.820, 8.383
0.678, 0.648, 0.792, 9.625
0.651, 0.681, 0.790, 8.282
0.680, 0.672, 0.791, 8.463
0.685, 0.690, 0.808, 9.351
0.659, 0.665, 0.794, 9.279
0.682, 0.671, 0.780, 8.514
0.701, 0.652, 0.789, 7.916
0.668, 0.662, 0.794, 9.017
0.681, 0.671, 0.800, 9.018
0.665, 0.669, 0.803, 8.736
0.688, 0.668, 0.786, 8.400
0.675, 0.664, 0.807, 8.115
0.687, 0.676, 0.799, 9.095
0.668, 0.662, 0.795, 8.839
0.647, 0.661, 0.800, 9.097
0.658, 0.654, 0.784, 8.318
0.669, 0.669, 0.800, 8.775
0.657, 0.672, 0.783, 8.193
0.683, 0.665, 0.796, 8.411
0.693, 0.653, 0.798, 8.316
0.674, 0.674, 0.780, 8.786
0.664, 0.664, 0.807, 8.820
0.661, 0.667, 0.808, 9.518
0.679, 0.673, 0.781, 8.096
0.662, 0.664, 0.802, 8.207
0.661, 0.669, 0.799, 8.450
0.663, 0.672, 0.800, 9.241
0.666, 0.688, 0.792, 9.324
0.670, 0.691, 0.794, 8.646
0.681, 0.658, 0.794, 8.249
0.693, 0.665, 0.822, 9.153
0.675, 0.666, 0.799, 8.695
0.666, 0.652, 0.794, 8.836
0.673, 0.667, 0.798, 8.747
0.670, 0.651, 0.794, 8.851
0.700, 0.668, 0.788, 7.829
0.671, 0.684, 0.785, 8.660
0.651, 0.667, 0.804, 8.293
0.663, 0.678, 0.800, 9.097
0.673, 0.668, 0.777, 8.597
0.676, 0.674, 0.800, 8.655
0.648, 0.666, 0.794, 8.658
0.669, 0.649, 0.803, 9.433
0.677, 0.660, 0.823, 8.963
0.669, 0.672, 0.808, 8.506
0.671, 0.671, 0.792, 9.451
0.679, 0.673, 0.807, 8.111
0.681, 0.688, 0.785, 8.892
0.676, 0.654, 0.809, 8.259
0.673, 0.670, 0.794, 7.845
0.679, 0.678, 0.806, 9.196
0.681, 0.683, 0.798, 9.423
0.658, 0.663, 0.788, 8.647
0.665, 0.682, 0.805, 7.910
0.671, 0.669, 0.787, 9.004
0.680, 0.673, 0.789, 8.308
0.686, 0.687, 0.804, 8.711
0.681, 0.669, 0.798, 7.770
0.687, 0.684, 0.797, 9.270
0.676, 0.668, 0.790, 8.353
0.672, 0.657, 0.785, 9.523
0.683, 0.639, 0.801, 9.264
0.676, 0.656, 0.787, 9.394
0.672, 0.662, 0.807, 7.646
0.685, 0.666, 0.797, 8.509
0.669, 0.657, 0.791, 7.939
0.679, 0.656, 0.796, 7.567
0.679, 0.657, 0.781, 9.177
0.668, 0.681, 0.809, 7.516
0.669, 0.648, 0.797, 9.673
0.691, 0.687, 0.788, 9.468
0.687, 0.660, 0.790, 8.711
0.664, 0.661, 0.806, 8.576
0.676, 0.675, 0.792, 8.086
0.676, 0.667, 0.782, 7.809
0.669, 0.671, 0.798, 8.637
0.661, 0.652, 0.788, 8.671
0.682, 0.665, 0.795, 8.969
0.693, 0.663, 0.815, 8.717
0.687, 0.680, 0.792, 7.993
0.680, 0.666, 0.785, 8.756
0.701, 0.657, 0.803, 8.733
0.671, 0.683, 0.795, 8.681
0.662, 0.653, 0.786, 8.171
0.689, 0.664, 0.792, 8.578
0.693, 0.660, 0.795, 7.868
0.683, 0.667, 0.788, 8.626
0.698, 0.681, 0.780, 8.926
0.687, 0.666, 0.800, 8.257
0.672, 0.682, 0.797, 8.026
0.661, 0.645, 0.802, 8.210
0.687, 0.665, 0.815, 8.223
0.685, 0.676, 0.802, 9.106
0.671, 0.656, 0.799, 8.139
0.686, 0.661, 0.783, 9.922
0.686, 0.672, 0.790, 8.320
0.658, 0.654, 0.829, 7.895
0.680, 0.666, 0.799, 8.000
0.677, 0.655, 0.801, 8.294
0.642, 0.679, 0.788, 8.335
0.655, 0.669, 0.807, 8.783
0.696, 0.665, 0.808, 8.481
0.679, 0.686, 0.810, 8.737
0.682, 0.654, 0.787, 8.243
0.664, 0.660, 0.796, 8.124
0.663, 0.665, 0.798, 7.860
0.683, 0.668, 0.808, 8.556
0.669, 0.651, 0.796, 10.187
0.667, 0.667, 0.793, 7.691
0.640, 0.658, 0.800, 8.752
0.679, 0.652, 0.805, 9.053
0.679, 0.653, 0.792, 8.181
0.690, 0.651, 0.788, 9.171
0.689, 0.650, 0.790, 7.694
0.668, 0.644, 0.786, 9.825
0.680, 0.663, 0.798, 7.935
0.719, 0.657, 0.796, 7.950
0.686, 0.671, 0.804, 8.387
0.665, 0.658, 0.804, 8.064
0.667, 0.681, 0.783, 10.097
0.658, 0.679, 0.800, 8.597
0.704, 0.680, 0.805, 9.275
0.676, 0.671, 0.776, 8.386
0.705, 0.668, 0.777, 8.312
0.692, 0.689, 0.816, 8.964
0.665, 0.662, 0.810, 8.374
0.702, 0.670, 0.776, 8.442
0.684, 0.665, 0.803, 9.081
0.685, 0.666, 0.799, 9.812
0.658, 0.673, 0.803, 7.584
0.665, 0.667, 0.800, 8.987
0.648, 0.671, 0.802, 9.065
0.668, 0.667, 0.806, 8.375
0.666, 0.661, 0.806, 8.981
0.707, 0.687, 0.782, 9.154
0.662, 0.686, 0.791, 8.457
0.675, 0.660, 0.794, 8.650
0.661, 0.679, 0.795, 7.667
0.659, 0.647, 0.777, 8.656
0.677, 0.653, 0.794, 8.975
0.692, 0.669, 0.799, 8.190
0.680, 0.667, 0.794, 8.470
0.681, 0.677, 0.808, 8.734
0.683, 0.648, 0.803, 8.487
0.675, 0.679, 0.794, 8.862
0.669, 0.680, 0.798, 8.864
0.660, 0.681, 0.801, 8.108
0.658, 0.698, 0.785, 7.846
0.675, 0.661, 0.816, 8.888
0.656, 0.659, 0.805, 8.165
0.669, 0.654, 0.815, 8.329
0.684, 0.656, 0.793, 7.878
0.672, 0.690, 0.794, 9.309
0.672, 0.640, 0.787, 7.581
0.676, 0.670, 0.808, 8.579
0.687, 0.651, 0.778, 8.197
0.663, 0.674, 0.801, 8.409
0.676, 0.638, 0.786, 7.867
0.685, 0.665, 0.791, 8.715
0.667, 0.656, 0.787, 8.822
0.686, 0.652, 0.817, 8.397
0.657, 0.668, 0.816, 8.179
0.665, 0.666, 0.791, 8.445
0.677, 0.674, 0.807, 8.917
0.673, 0.660, 0.788, 8.078
0.665, 0.675, 0.787, 8.813
0.678, 0.664, 0.790, 8.372
0.683, 0.683, 0.821, 8.559
0.690, 0.675, 0.802, 8.200
0.680, 0.675, 0.815, 7.541
0.683, 0.657, 0.816, 8.374
0.680, 0.672, 0.777, 7.989
0.672, 0.684, 0.794, 8.566
0.671, 0.677, 0.808, 8.366
0.663, 0.684, 0.780, 8.188
0.671, 0.646, 0.794, 8.331
0.669, 0.668, 0.808, 8.547
0.660, 0.672, 0.793, 9.218
0.652, 0.673, 0.798, 8.910
0.673, 0.675, 0.799, 9.012
0.681, 0.688, 0.805, 8.056
0.680, 0.669, 0.807, 8.709
0.681, 0.677, 0.816, 8.806
0.687, 0.677, 0.792, 8.183
0.661, 0.664, 0.802, 8.139
0.664, 0.662, 0.808, 8.729
0.666, 0.650, 0.800, 7.834
0.687, 0.640, 0.803, 8.180
0.680, 0.662, 0.799, 8.889
0.659, 0.688, 0.796, 8.152
0.675, 0.676, 0.795, 8.586
0.672, 0.673, 0.815, 8.997
0.672, 0.654, 0.786, 9.227
0.673, 0.679, 0.797, 7.941
0.681, 0.660, 0.818, 8.722
0.676, 0.670, 0.792, 8.320
0.672, 0.667, 0.802, 8.305
0.666, 0.691, 0.791, 8.142
0.666, 0.672, 0.792, 7.800
0.676, 0.678, 0.803, 7.585
0.686, 0.655, 0.797, 8.825
0.652, 0.665, 0.788, 8.452
0.683, 0.655, 0.806, 8.611
0.671, 0.658, 0.818, 8.048
0.665, 0.674, 0.798, 8.042
0.659, 0.671, 0.787, 8.396
0.656, 0.657, 0.786, 7.847
0.697, 0.663, 0.809, 8.410
0.683, 0.681, 0.805, 9.834
0.668, 0.661, 0.803, 9.881
0.687, 0.667, 0.797, 8.252
0.679, 0.696, 0.784, 7.744
0.658, 0.665, 0.813, 8.589
0.689, 0.665, 0.813, 8.010
0.697, 0.666, 0.802, 7.481
0.685, 0.649, 0.846, 8.487
0.674, 0.684, 0.799, 8.498
0.682, 0.659, 0.814, 8.834
0.673, 0.655, 0.817, 7.706
0.670, 0.667, 0.812, 7.670
0.649, 0.675, 0.794, 8.077
0.655, 0.672, 0.805, 7.938
0.686, 0.675, 0.807, 8.201
0.659, 0.659, 0.810, 8.262
0.661, 0.668, 0.815, 8.305
0.666, 0.673, 0.797, 7.838
0.691, 0.655, 0.804, 7.727
0.653, 0.669, 0.799, 8.369
0.683, 0.677, 0.800, 8.277
0.687, 0.654, 0.802, 7.819
0.664, 0.671, 0.811, 8.505
0.682, 0.664, 0.796, 7.995
0.682, 0.671, 0.801, 8.495
0.692, 0.676, 0.813, 8.147
0.673, 0.679, 0.794, 8.387
0.677, 0.659, 0.797, 7.826
0.674, 0.653, 0.809, 8.259
0.667, 0.674, 0.784, 7.195
0.658, 0.667, 0.794, 7.566
0.654, 0.676, 0.779, 8.371
0.681, 0.668, 0.817, 7.556
0.674, 0.671, 0.807, 8.237
0.693, 0.677, 0.797, 7.777
0.661, 0.662, 0.793, 7.919
0.664, 0.663, 0.812, 8.813
0.649, 0.664, 0.801, 8.216
0.686, 0.663, 0.802, 7.720
0.685, 0.673, 0.796, 8.371
0.683, 0.665, 0.797, 8.374
0.689, 0.664, 0.788, 8.568
0.671, 0.679, 0.803, 8.250
0.676, 0.660, 0.796, 8.632
0.673, 0.676, 0.794, 9.349
0.694, 0.670, 0.809, 8.428
0.679, 0.683, 0.805, 8.177
0.687, 0.660, 0.800, 8.641
0.682, 0.669, 0.800, 7.548
0.663, 0.660, 0.812, 8.311
0.676, 0.651, 0.805, 8.653
0.674, 0.649, 0.813, 7.625
0.670, 0.663, 0.800, 8.004
0.682, 0.669, 0.795, 8.075
0.664, 0.658, 0.796, 7.883
0.681, 0.672, 0.793, 9.140
0.684, 0.645, 0.827, 8.024
0.678, 0.649, 0.800, 8.269
0.685, 0.653, 0.836, 8.586
0.683, 0.679, 0.800, 8.427
0.677, 0.648, 0.806, 9.111
0.665, 0.669, 0.805, 8.718
0.670, 0.670, 0.816, 7.599
0.668, 0.683, 0.808, 8.693
0.653, 0.667, 0.807, 8.273
0.677, 0.668, 0.799, 8.376
0.684, 0.691, 0.797, 8.015
0.670, 0.652, 0.793, 7.648
0.663, 0.672, 0.804, 9.007
0.679, 0.634, 0.838, 8.752
0.674, 0.668, 0.804, 8.159
0.679, 0.657, 0.799, 7.768
0.665, 0.663, 0.801, 8.515
0.667, 0.668, 0.796, 8.558
0.663, 0.658, 0.804, 8.022
0.656, 0.653, 0.820, 8.703
0.700, 0.651, 0.825, 8.028
0.666, 0.667, 0.791, 7.935
0.699, 0.653, 0.799, 7.812
0.695, 0.682, 0.781, 7.975
0.686, 0.662, 0.817, 7.766
0.647, 0.668, 0.791, 7.233
0.673, 0.668, 0.804, 8.263
0.666, 0.667, 0.801, 8.167
0.653, 0.662, 0.797, 7.858
0.659, 0.654, 0.787, 8.559
0.667, 0.665, 0.805, 8.035
0.667, 0.650, 0.795, 7.966
0.689, 0.676, 0.794, 8.452
0.670, 0.653, 0.816, 8.406
0.648, 0.658, 0.801, 9.165
0.678, 0.654, 0.807, 8.826
0.663, 0.647, 0.807, 8.028
0.694, 0.685, 0.790, 8.431
0.659, 0.666, 0.797, 8.367
0.677, 0.667, 0.786, 8.565
0.670, 0.652, 0.799, 7.498
0.648, 0.667, 0.806, 7.440
0.651, 0.670, 0.806, 8.626
0.666, 0.660, 0.805, 7.765
0.663, 0.682, 0.854, 9.232
0.679, 0.665, 0.797, 8.053
0.681, 0.640, 0.806, 8.051
0.669, 0.675, 0.795, 7.842
0.643, 0.672, 0.804, 8.215
0.671, 0.650, 0.796, 8.640
0.674, 0.673, 0.795, 8.578
0.693, 0.645, 0.794, 8.815
0.693, 0.643, 0.801, 8.496
0.675, 0.657, 0.800, 9.332
0.645, 0.675, 0.803, 8.544
0.662, 0.677, 0.807, 8.146
0.653, 0.661, 0.812, 9.247
0.651, 0.667, 0.831, 8.057
0.691, 0.674, 0.800, 7.561
0.660, 0.679, 0.812, 7.760
0.686, 0.649, 0.811, 8.693
0.690, 0.662, 0.819, 9.021
0.651, 0.659, 0.831, 7.669
0.683, 0.663, 0.808, 8.184
0.666, 0.643, 0.845, 8.068
0.636, 0.652, 0.808, 8.424
0.697, 0.669, 0.811, 7.742
0.683, 0.643, 0.814, 7.643
0.691, 0.676, 0.813, 8.890
0.681, 0.663, 0.795, 7.582
0.692, 0.654, 0.791, 7.392
