0.721, 0.695, 0.692, 96.837
0.284, 0.227, 1.723, 100.384
0.057, 0.046, 3.220, 96.623
0.031, 0.020, 4.046, 103.455
0.017, 0.010, 4.698, 99.890
0.010, 0.007, 5.082, 98.882
0.010, 0.004, 5.541, 94.676
0.006, 0.003, 5.944, 98.921
0.004, 0.002, 6.152, 100.055
0.001, 0.003, 6.267, 99.271
0.010, 0.003, 6.307, 99.106
0.001, 0.001, 6.996, 100.565
0.003, 0.002, 6.835, 96.204
0.001, 0.001, 7.244, 103.512
0.002, 0.001, 7.429, 101.219
0.000, 0.001, 7.777, 100.471
0.001, 0.001, 7.845, 99.786
0.001, 0.000, 8.009, 97.231
0.002, 0.001, 7.859, 100.251
0.002, 0.001, 8.172, 101.120
0.000, 0.001, 8.051, 102.030
0.000, 0.000, 8.449, 97.685
0.001, 0.000, 8.214, 98.732
0.000, 0.000, 8.572, 98.275
0.000, 0.000, 8.824, 105.544
0.000, 0.000, 8.830, 98.429
0.000, 0.000, 9.084, 100.075
0.000, 0.000, 9.097, 97.487
0.000, 0.000, 8.845, 95.332
0.000, 0.000, 9.120, 99.595
0.000, 0.000, 9.181, 102.466
0.000, 0.000, 9.542, 98.659
0.000, 0.001, 8.386, 98.687
0.000, 0.000, 9.488, 100.926
0.000, 0.000, 9.586, 95.479
0.000, 0.000, 9.682, 99.600
0.000, 0.000, 9.499, 100.873
0.000, 0.000, 9.853, 98.246
0.000, 0.000, 9.916, 100.839
0.000, 0.000, 8.977, 99.531
0.000, 0.000, 10.009, 98.187
0.000, 0.000, 9.712, 101.434
0.000, 0.000, 9.834, 96.189
0.000, 0.000, 10.147, 100.672
0.000, 0.000, 10.202, 101.799
0.000, 0.000, 10.324, 97.151
0.000, 0.000, 9.977, 99.545
0.000, 0.000, 10.536, 100.822
0.000, 0.000, 10.382, 101.544
0.000, 0.000, 10.388, 98.686
0.000, 0.000, 10.548, 102.682
0.000, 0.000, 10.741, 99.476
0.000, 0.000, 10.905, 100.528
0.000, 0.000, 10.725, 101.876
0.000, 0.000, 10.724, 97.514
0.000, 0.000, 10.207, 101.288
0.000, 0.000, 10.553, 98.064
0.000, 0.000, 10.836, 101.152
0.000, 0.000, 10.910, 100.131
0.041, 0.190, 1.987, 103.652
0.380, 0.543, 2.472, 90.122
0.532, 0.670, 1.602, 29.666
0.687, 0.633, 1.261, 34.078
0.979, 0.949, 0.768, 27.202
0.676, 0.685, 0.984, 30.111
0.788, 0.760, 0.808, 47.930
0.597, 0.577, 1.032, 33.847
0.774, 0.721, 0.833, 24.349
0.711, 0.675, 0.855, 28.965
0.651, 0.649, 0.875, 34.131
0.701, 0.693, 0.805, 28.371
0.669, 0.690, 0.852, 27.950
0.643, 0.668, 0.875, 26.970
0.672, 0.715, 0.839, 28.563
0.676, 0.642, 0.860, 23.296
0.709, 0.694, 0.784, 24.690
0.682, 0.694, 0.809, 28.634
0.700, 0.677, 0.791, 26.208
0.672, 0.731, 0.745, 18.032
0.681, 0.697, 0.793, 19.545
0.718, 0.730, 0.729, 15.545
0.678, 0.716, 0.751, 14.736
0.667, 0.704, 0.756, 19.192
0.672, 0.744, 0.708, 15.382
0.673, 0.717, 0.746, 16.827
0.673, 0.691, 0.751, 20.704
0.680, 0.721, 0.721, 18.333
0.675, 0.687, 0.753, 16.181
0.697, 0.680, 0.748, 18.834
0.671, 0.701, 0.746, 18.338
0.672, 0.684, 0.774, 20.138
0.681, 0.679, 0.769, 16.203
0.679, 0.675, 0.783, 19.858
0.684, 0.685, 0.771, 19.268
0.678, 0.677, 0.793, 18.517
0.683, 0.681, 0.773, 20.024
0.678, 0.696, 0.771, 18.276
0.670, 0.681, 0.778, 22.472
0.690, 0.671, 0.775, 17.289
0.687, 0.675, 0.770, 17.321
0.674, 0.682, 0.761, 22.717
0.667, 0.689, 0.761, 22.114
0.667, 0.680, 0.781, 18.496
0.657, 0.656, 0.803, 21.846
0.666, 0.665, 0.780, 20.240
0.674, 0.735, 0.734, 19.136
0.680, 0.720, 0.746, 19.324
0.655, 0.698, 0.750, 17.490
0.672, 0.681, 0.784, 16.217
0.665, 0.640, 0.820, 17.028
0.685, 0.689, 0.766, 18.622
0.666, 0.718, 0.745, 14.367
0.650, 0.655, 0.792, 14.816
0.654, 0.630, 0.839, 13.754
0.666, 0.681, 0.790, 16.642
0.677, 0.680, 0.759, 15.209
0.660, 0.662, 0.799, 17.686
0.684, 0.667, 0.801, 15.477
0.670, 0.680, 0.785, 16.452
0.651, 0.679, 0.787, 16.469
0.631, 0.640, 0.821, 17.151
0.657, 0.640, 0.832, 16.197
0.679, 0.639, 0.832, 19.167
0.672, 0.631, 0.830, 17.863
0.668, 0.638, 0.838, 20.375
0.644, 0.659, 0.838, 18.151
0.638, 0.647, 0.833, 19.276
0.657, 0.621, 0.857, 18.632
0.644, 0.582, 0.960, 21.504
0.641, 0.630, 0.839, 16.715
0.642, 0.626, 0.872, 21.183
0.673, 0.631, 0.867, 19.330
0.674, 0.687, 0.785, 17.459
0.656, 0.641, 0.856, 17.917
0.682, 0.649, 0.806, 17.224
0.649, 0.655, 0.820, 18.636
0.648, 0.664, 0.816, 21.799
0.667, 0.655, 0.848, 17.698
0.701, 0.651, 0.807, 19.086
0.646, 0.622, 0.869, 17.893
0.618, 0.677, 0.802, 15.524
0.651, 0.668, 0.802, 21.068
0.658, 0.631, 0.877, 21.713
0.667, 0.625, 0.876, 18.335
0.664, 0.642, 0.840, 17.901
0.682, 0.649, 0.822, 18.125
0.645, 0.649, 0.836, 21.066
0.647, 0.642, 0.850, 17.816
0.656, 0.653, 0.816, 18.399
0.664, 0.659, 0.818, 16.502
