0.721, 0.695, 0.692
0.637, 0.699, 0.688
0.572, 0.706, 0.680
0.511, 0.719, 0.668
0.457, 0.740, 0.650
0.400, 0.772, 0.626
0.362, 0.813, 0.598
0.330, 0.859, 0.575
0.312, 0.894, 0.564
0.310, 0.898, 0.574
0.313, 0.869, 0.610
0.331, 0.813, 0.664
0.346, 0.738, 0.738
0.349, 0.655, 0.828
0.364, 0.586, 0.923
0.375, 0.515, 1.017
0.371, 0.456, 1.116
0.363, 0.404, 1.233
0.371, 0.355, 1.335
0.336, 0.314, 1.434
0.317, 0.281, 1.540
0.324, 0.253, 1.632
0.284, 0.227, 1.723
0.298, 0.215, 1.798
0.247, 0.189, 1.885
0.224, 0.173, 1.968
0.226, 0.162, 2.037
0.186, 0.146, 2.141
0.199, 0.132, 2.190
0.177, 0.128, 2.278
0.168, 0.118, 2.344
0.142, 0.107, 2.415
0.131, 0.097, 2.505
0.124, 0.092, 2.576
0.113, 0.086, 2.641
0.105, 0.078, 2.719
0.100, 0.074, 2.779
0.090, 0.068, 2.851
0.107, 0.066, 2.879
0.095, 0.064, 2.907
0.080, 0.058, 2.989
0.067, 0.056, 3.066
0.068, 0.053, 3.106
0.068, 0.048, 3.168
0.057, 0.046, 3.220
0.059, 0.044, 3.294
0.070, 0.042, 3.316
0.069, 0.041, 3.365
0.043, 0.038, 3.400
0.038, 0.037, 3.498
0.052, 0.036, 3.488
0.057, 0.034, 3.540
0.036, 0.032, 3.591
0.052, 0.032, 3.605
0.030, 0.030, 3.675
0.038, 0.029, 3.706
0.036, 0.027, 3.768
0.047, 0.027, 3.782
0.037, 0.026, 3.797
0.032, 0.025, 3.832
0.033, 0.024, 3.881
0.024, 0.023, 3.919
0.025, 0.022, 3.982
0.038, 0.021, 4.010
0.026, 0.021, 4.050
0.035, 0.020, 4.034
0.031, 0.020, 4.046
0.017, 0.019, 4.128
0.022, 0.018, 4.154
0.027, 0.018, 4.176
0.014, 0.017, 4.219
0.024, 0.016, 4.279
0.019, 0.016, 4.322
0.015, 0.015, 4.364
0.017, 0.015, 4.381
0.030, 0.015, 4.374
0.018, 0.014, 4.414
0.013, 0.014, 4.450
0.019, 0.013, 4.492
0.018, 0.013, 4.524
0.015, 0.012, 4.545
0.011, 0.012, 4.600
0.017, 0.012, 4.594
0.018, 0.011, 4.604
0.018, 0.012, 4.613
0.013, 0.011, 4.665
0.012, 0.011, 4.696
0.015, 0.011, 4.712
0.017, 0.010, 4.698
0.008, 0.010, 4.743
0.008, 0.009, 4.821
0.012, 0.009, 4.832
0.011, 0.009, 4.843
0.013, 0.009, 4.899
0.010, 0.009, 4.885
0.008, 0.008, 4.941
0.006, 0.007, 5.019
0.016, 0.008, 4.956
0.012, 0.008, 4.990
0.012, 0.008, 4.991
0.011, 0.008, 4.979
0.008, 0.008, 5.054
0.010, 0.007, 5.050
0.007, 0.007, 5.130
0.017, 0.008, 5.071
0.008, 0.008, 5.053
0.014, 0.007, 5.072
0.010, 0.007, 5.074
0.008, 0.008, 5.080
0.016, 0.008, 5.045
0.010, 0.007, 5.082
0.006, 0.007, 5.119
0.003, 0.006, 5.251
0.010, 0.006, 5.238
0.009, 0.006, 5.266
0.007, 0.006, 5.280
0.005, 0.006, 5.292
0.003, 0.005, 5.418
0.003, 0.005, 5.433
0.004, 0.005, 5.467
0.027, 0.006, 5.220
0.014, 0.008, 5.086
0.006, 0.007, 5.280
0.004, 0.006, 5.410
0.005, 0.005, 5.472
0.006, 0.005, 5.490
0.006, 0.005, 5.455
0.004, 0.005, 5.489
0.011, 0.005, 5.449
0.006, 0.005, 5.452
0.002, 0.005, 5.519
0.003, 0.004, 5.639
0.010, 0.004, 5.541
0.004, 0.004, 5.587
0.003, 0.004, 5.675
0.004, 0.004, 5.662
0.011, 0.004, 5.611
0.002, 0.004, 5.655
0.006, 0.004, 5.620
0.004, 0.004, 5.696
0.009, 0.004, 5.596
0.007, 0.005, 5.611
0.004, 0.004, 5.741
0.008, 0.004, 5.643
0.006, 0.004, 5.685
0.003, 0.004, 5.789
0.002, 0.004, 5.925
0.003, 0.003, 5.901
0.008, 0.003, 5.866
0.003, 0.003, 5.884
0.003, 0.003, 5.928
0.003, 0.003, 5.972
0.004, 0.003, 5.966
0.002, 0.003, 5.965
0.006, 0.003, 5.944
0.003, 0.003, 5.940
0.004, 0.003, 5.933
0.003, 0.003, 5.967
0.001, 0.003, 6.108
0.005, 0.003, 6.070
0.003, 0.003, 6.054
0.004, 0.003, 6.029
0.001, 0.003, 6.187
0.004, 0.002, 6.173
0.003, 0.003, 6.187
0.007, 0.003, 6.057
0.001, 0.003, 6.138
0.008, 0.003, 6.104
0.000, 0.003, 6.172
0.003, 0.002, 6.192
0.009, 0.003, 6.110
0.001, 0.003, 6.161
0.018, 0.004, 5.853
0.001, 0.004, 5.937
0.002, 0.003, 6.124
0.003, 0.003, 6.185
0.004, 0.002, 6.152
0.002, 0.003, 6.202
0.005, 0.003, 6.206
0.002, 0.002, 6.183
0.002, 0.003, 6.270
0.001, 0.002, 6.380
0.001, 0.002, 6.424
0.004, 0.002, 6.396
0.003, 0.002, 6.382
0.001, 0.002, 6.414
0.001, 0.002, 6.452
0.005, 0.002, 6.386
0.004, 0.002, 6.324
0.001, 0.002, 6.400
0.006, 0.002, 6.359
0.002, 0.002, 6.305
0.001, 0.002, 6.390
0.006, 0.002, 6.320
0.003, 0.002, 6.300
0.002, 0.002, 6.342
0.001, 0.002, 6.421
0.011, 0.003, 6.199
0.001, 0.003, 6.267
0.001, 0.002, 6.405
0.005, 0.002, 6.327
0.004, 0.002, 6.219
0.002, 0.002, 6.268
0.003, 0.003, 6.385
0.004, 0.003, 6.440
0.003, 0.002, 6.387
0.000, 0.002, 6.525
0.001, 0.002, 6.593
0.002, 0.002, 6.714
0.004, 0.002, 6.676
0.002, 0.002, 6.620
0.001, 0.001, 6.734
0.001, 0.001, 6.773
0.001, 0.001, 6.817
0.001, 0.001, 6.860
0.010, 0.002, 6.668
0.001, 0.002, 6.653
0.007, 0.002, 6.437
0.003, 0.002, 6.359
0.001, 0.002, 6.547
0.010, 0.003, 6.307
0.002, 0.002, 6.462
0.001, 0.002, 6.493
0.000, 0.002, 6.678
0.003, 0.002, 6.690
0.001, 0.002, 6.772
0.000, 0.001, 6.860
0.002, 0.001, 6.857
0.001, 0.001, 6.866
0.005, 0.001, 6.753
0.001, 0.002, 6.765
0.001, 0.002, 6.821
0.001, 0.001, 6.909
0.007, 0.002, 6.624
0.004, 0.002, 6.590
0.000, 0.002, 6.692
0.001, 0.002, 6.793
0.004, 0.002, 6.636
0.001, 0.002, 6.801
0.001, 0.002, 6.849
0.000, 0.001, 6.884
0.001, 0.001, 6.942
0.001, 0.001, 6.996
0.001, 0.001, 7.044
0.001, 0.001, 7.107
0.001, 0.001, 7.171
0.001, 0.001, 7.187
0.001, 0.001, 7.167
0.000, 0.001, 7.201
0.001, 0.001, 7.299
0.004, 0.001, 7.203
0.001, 0.001, 7.084
0.001, 0.001, 7.128
0.000, 0.001, 7.195
0.001, 0.001, 7.240
0.000, 0.001, 7.285
0.001, 0.001, 7.259
0.004, 0.001, 7.121
0.000, 0.001, 7.159
0.000, 0.001, 7.229
0.002, 0.001, 7.144
0.001, 0.001, 7.220
0.011, 0.002, 6.784
0.000, 0.002, 6.834
0.003, 0.002, 6.835
0.000, 0.002, 6.988
0.000, 0.001, 7.143
0.001, 0.001, 7.189
0.000, 0.001, 7.169
0.001, 0.001, 7.245
0.001, 0.001, 7.237
0.002, 0.001, 7.178
0.004, 0.001, 7.012
0.000, 0.001, 7.111
0.001, 0.001, 7.203
0.002, 0.001, 7.089
0.003, 0.001, 6.913
0.002, 0.002, 6.990
0.000, 0.001, 7.130
0.002, 0.001, 7.110
0.001, 0.001, 7.165
0.001, 0.001, 7.224
0.004, 0.001, 7.191
0.001, 0.001, 7.204
0.003, 0.001, 7.070
0.000, 0.001, 7.092
0.001, 0.001, 7.244
0.009, 0.001, 6.954
0.000, 0.001, 7.043
0.001, 0.001, 7.116
0.000, 0.001, 7.227
0.000, 0.001, 7.289
0.011, 0.002, 6.691
0.000, 0.003, 6.739
0.000, 0.002, 6.984
0.000, 0.001, 7.267
0.001, 0.001, 7.339
0.003, 0.001, 7.167
0.002, 0.001, 7.171
0.000, 0.001, 7.252
0.000, 0.001, 7.352
0.001, 0.001, 7.377
0.000, 0.001, 7.455
0.001, 0.001, 7.503
0.000, 0.001, 7.485
0.001, 0.001, 7.538
0.000, 0.001, 7.530
0.001, 0.001, 7.509
0.002, 0.001, 7.429
0.000, 0.001, 7.480
0.001, 0.001, 7.440
0.001, 0.001, 7.490
0.000, 0.001, 7.530
0.001, 0.001, 7.546
0.000, 0.001, 7.603
0.001, 0.001, 7.594
0.002, 0.001, 7.459
0.000, 0.001, 7.445
0.000, 0.001, 7.521
0.001, 0.001, 7.619
0.000, 0.001, 7.687
0.002, 0.001, 7.589
0.000, 0.001, 7.662
0.004, 0.001, 7.472
0.001, 0.001, 7.370
0.000, 0.001, 7.457
0.001, 0.001, 7.527
0.000, 0.001, 7.650
0.001, 0.001, 7.646
0.001, 0.001, 7.630
0.000, 0.001, 7.777
0.000, 0.001, 7.784
0.000, 0.001, 7.862
0.000, 0.001, 7.806
0.001, 0.001, 7.827
0.000, 0.001, 7.911
0.001, 0.001, 7.834
0.000, 0.001, 7.850
0.000, 0.000, 7.899
0.000, 0.001, 7.925
0.005, 0.001, 7.696
0.000, 0.001, 7.602
0.000, 0.001, 7.746
0.000, 0.001, 7.734
0.000, 0.001, 7.863
0.000, 0.001, 7.926
0.000, 0.001, 7.957
0.000, 0.001, 7.991
0.000, 0.000, 7.995
0.000, 0.000, 8.050
0.004, 0.001, 7.794
0.000, 0.001, 7.875
0.001, 0.001, 7.845
0.000, 0.001, 7.840
0.000, 0.001, 7.923
0.000, 0.001, 7.977
0.000, 0.000, 7.981
0.000, 0.001, 8.057
0.001, 0.000, 7.955
0.000, 0.000, 8.068
0.001, 0.000, 8.058
0.000, 0.000, 8.006
0.002, 0.001, 7.944
0.000, 0.001, 7.904
0.001, 0.001, 8.005
0.001, 0.000, 7.857
0.001, 0.001, 7.832
0.000, 0.001, 7.856
0.000, 0.001, 7.911
0.001, 0.000, 7.936
0.001, 0.001, 7.947
0.000, 0.001, 7.956
0.000, 0.000, 8.033
0.000, 0.001, 8.077
0.001, 0.000, 8.009
0.000, 0.000, 8.099
0.000, 0.000, 8.108
0.000, 0.000, 8.165
0.000, 0.000, 8.220
0.000, 0.000, 8.188
0.004, 0.000, 7.890
0.000, 0.001, 7.889
0.000, 0.001, 7.956
0.001, 0.001, 7.937
0.000, 0.001, 7.957
0.000, 0.000, 8.022
0.000, 0.001, 8.128
0.000, 0.001, 8.174
0.000, 0.000, 8.176
0.000, 0.000, 8.245
0.009, 0.001, 7.775
0.000, 0.001, 7.785
0.001, 0.001, 7.595
0.001, 0.001, 7.718
0.001, 0.001, 7.823
0.000, 0.001, 7.886
0.002, 0.001, 7.859
0.000, 0.001, 7.964
0.002, 0.001, 7.889
0.000, 0.001, 7.902
0.001, 0.001, 8.050
0.000, 0.001, 8.012
0.000, 0.000, 8.106
0.005, 0.001, 7.763
0.000, 0.001, 7.930
0.000, 0.001, 7.915
0.000, 0.001, 8.014
0.000, 0.001, 8.183
0.001, 0.001, 8.131
0.001, 0.001, 8.121
0.000, 0.001, 8.141
0.000, 0.000, 8.262
0.000, 0.000, 8.286
0.000, 0.000, 8.220
0.002, 0.000, 8.106
0.000, 0.000, 8.135
0.000, 0.001, 8.069
0.000, 0.000, 8.166
0.002, 0.001, 8.172
0.001, 0.000, 8.098
0.001, 0.001, 8.099
0.001, 0.001, 8.076
0.002, 0.001, 7.962
0.000, 0.001, 8.022
0.000, 0.000, 8.068
0.000, 0.000, 8.165
0.000, 0.000, 8.208
0.000, 0.000, 8.239
0.000, 0.000, 8.224
0.000, 0.000, 8.305
0.000, 0.000, 8.455
0.000, 0.000, 8.435
0.002, 0.000, 8.319
0.000, 0.000, 8.297
0.000, 0.000, 8.303
0.000, 0.000, 8.458
0.000, 0.000, 8.324
0.011, 0.001, 7.889
0.000, 0.001, 7.898
0.000, 0.001, 7.947
0.000, 0.001, 8.051
0.000, 0.000, 8.142
0.000, 0.000, 8.228
0.001, 0.000, 8.156
0.000, 0.000, 8.165
0.001, 0.000, 8.247
0.002, 0.001, 8.095
0.000, 0.001, 8.115
0.000, 0.001, 8.200
0.000, 0.000, 8.260
0.000, 0.000, 8.366
0.000, 0.000, 8.349
0.000, 0.000, 8.367
0.000, 0.000, 8.430
0.003, 0.000, 8.176
0.000, 0.001, 8.231
0.000, 0.000, 8.263
0.001, 0.000, 8.213
0.000, 0.000, 8.226
0.001, 0.000, 8.271
0.000, 0.000, 8.342
0.000, 0.000, 8.374
0.000, 0.000, 8.449
0.002, 0.000, 8.317
0.000, 0.000, 8.315
0.000, 0.000, 8.404
0.000, 0.000, 8.489
0.000, 0.000, 8.384
0.002, 0.000, 8.315
0.001, 0.000, 8.303
0.000, 0.000, 8.241
0.000, 0.000, 8.330
0.000, 0.000, 8.433
0.000, 0.000, 8.411
0.000, 0.000, 8.409
0.000, 0.000, 8.417
0.000, 0.000, 8.478
0.000, 0.000, 8.469
0.000, 0.000, 8.493
0.000, 0.000, 8.507
0.000, 0.000, 8.618
0.000, 0.000, 8.653
0.000, 0.000, 8.550
0.004, 0.000, 8.302
0.001, 0.000, 8.214
0.000, 0.001, 8.266
0.000, 0.000, 8.314
0.001, 0.000, 8.261
0.000, 0.000, 8.342
0.000, 0.000, 8.313
0.000, 0.000, 8.426
0.000, 0.000, 8.389
0.002, 0.000, 8.404
0.000, 0.000, 8.395
0.000, 0.000, 8.361
0.000, 0.000, 8.387
0.000, 0.000, 8.469
0.000, 0.000, 8.462
0.000, 0.000, 8.559
0.000, 0.000, 8.498
0.001, 0.000, 8.509
0.002, 0.000, 8.256
0.000, 0.001, 8.302
0.000, 0.000, 8.369
0.000, 0.000, 8.486
0.000, 0.000, 8.454
0.000, 0.000, 8.572
0.000, 0.000, 8.649
0.000, 0.000, 8.631
0.001, 0.000, 8.563
0.001, 0.000, 8.569
0.001, 0.000, 8.469
0.000, 0.000, 8.546
0.000, 0.000, 8.619
0.000, 0.000, 8.641
0.000, 0.000, 8.609
0.000, 0.000, 8.700
0.001, 0.000, 8.682
0.000, 0.000, 8.650
0.000, 0.000, 8.754
0.001, 0.000, 8.659
0.000, 0.000, 8.738
0.000, 0.000, 8.780
0.000, 0.000, 8.731
0.000, 0.000, 8.762
0.001, 0.000, 8.762
0.000, 0.000, 8.756
0.000, 0.000, 8.775
0.000, 0.000, 8.824
0.001, 0.000, 8.664
0.000, 0.000, 8.684
0.000, 0.000, 8.671
0.001, 0.000, 8.664
0.000, 0.000, 8.659
0.000, 0.000, 8.729
0.000, 0.000, 8.698
0.000, 0.000, 8.727
0.000, 0.000, 8.853
0.000, 0.000, 8.790
0.000, 0.000, 8.816
0.000, 0.000, 8.855
0.001, 0.000, 8.794
0.001, 0.000, 8.712
0.000, 0.000, 8.832
0.000, 0.000, 8.770
0.000, 0.000, 8.756
0.000, 0.000, 8.836
0.000, 0.000, 8.867
0.000, 0.000, 8.760
0.000, 0.000, 8.846
0.000, 0.000, 8.830
0.000, 0.000, 8.876
0.000, 0.000, 8.889
0.000, 0.000, 8.925
0.002, 0.000, 8.645
0.000, 0.000, 8.690
0.000, 0.000, 8.694
0.000, 0.000, 8.783
0.000, 0.000, 8.795
0.000, 0.000, 8.854
0.000, 0.000, 8.871
0.000, 0.000, 8.879
0.000, 0.000, 8.913
0.000, 0.000, 8.986
0.000, 0.000, 9.014
0.000, 0.000, 9.001
0.000, 0.000, 9.125
0.000, 0.000, 9.048
0.000, 0.000, 9.157
0.000, 0.000, 9.088
0.000, 0.000, 9.214
0.001, 0.000, 9.051
0.000, 0.000, 9.084
0.000, 0.000, 9.022
0.000, 0.000, 8.935
0.000, 0.000, 9.003
0.000, 0.000, 9.031
0.000, 0.000, 9.069
0.000, 0.000, 9.083
0.000, 0.000, 9.122
0.000, 0.000, 9.137
0.001, 0.000, 8.990
0.000, 0.000, 9.100
0.001, 0.000, 8.985
0.000, 0.000, 8.955
0.000, 0.000, 8.943
0.000, 0.000, 8.938
0.000, 0.000, 8.916
0.000, 0.000, 8.975
0.000, 0.000, 9.105
0.001, 0.000, 9.025
0.000, 0.000, 9.047
0.000, 0.000, 9.015
0.000, 0.000, 9.071
0.000, 0.000, 9.097
0.005, 0.000, 8.461
0.000, 0.001, 8.373
0.000, 0.000, 8.573
0.000, 0.000, 8.643
0.000, 0.000, 8.724
0.000, 0.000, 8.870
0.000, 0.000, 8.841
0.000, 0.000, 8.862
0.000, 0.000, 8.957
0.000, 0.000, 9.006
0.000, 0.000, 9.044
0.000, 0.000, 9.062
0.000, 0.000, 9.057
0.000, 0.000, 9.093
0.000, 0.000, 9.088
0.000, 0.000, 9.096
0.000, 0.000, 9.184
0.000, 0.000, 9.170
0.000, 0.000, 9.234
0.002, 0.000, 8.862
0.000, 0.000, 8.762
0.000, 0.000, 8.845
0.000, 0.000, 8.924
0.000, 0.000, 8.904
0.000, 0.000, 8.983
0.000, 0.000, 9.048
0.000, 0.000, 9.056
0.000, 0.000, 9.047
0.000, 0.000, 9.048
0.000, 0.000, 9.012
0.000, 0.000, 9.084
0.000, 0.000, 9.158
0.000, 0.000, 9.154
0.000, 0.000, 9.196
0.000, 0.000, 9.228
0.000, 0.000, 9.273
0.000, 0.000, 9.208
0.001, 0.000, 9.126
0.000, 0.000, 9.165
0.001, 0.000, 9.011
0.000, 0.000, 8.998
0.000, 0.000, 9.001
0.000, 0.000, 8.998
0.000, 0.000, 9.120
0.001, 0.000, 9.017
0.003, 0.000, 8.725
0.000, 0.000, 8.643
0.000, 0.000, 8.745
0.000, 0.000, 8.947
0.000, 0.000, 8.897
0.000, 0.000, 8.894
0.000, 0.000, 9.018
0.000, 0.000, 8.943
0.000, 0.000, 9.018
0.000, 0.000, 9.062
0.000, 0.000, 9.122
0.000, 0.000, 9.174
0.000, 0.000, 9.273
0.001, 0.000, 9.172
0.000, 0.000, 9.168
0.000, 0.000, 9.115
0.000, 0.000, 9.147
0.000, 0.000, 9.200
0.000, 0.000, 9.127
0.000, 0.000, 9.177
0.000, 0.000, 9.181
0.000, 0.000, 9.063
0.000, 0.000, 9.145
0.000, 0.000, 9.310
0.000, 0.000, 9.180
0.000, 0.000, 9.310
0.000, 0.000, 9.250
0.000, 0.000, 9.341
0.000, 0.000, 9.398
0.000, 0.000, 9.307
0.000, 0.000, 9.427
0.000, 0.000, 9.417
0.000, 0.000, 9.329
0.000, 0.000, 9.422
0.000, 0.000, 9.484
0.000, 0.000, 9.362
0.000, 0.000, 9.415
0.000, 0.000, 9.501
0.000, 0.000, 9.495
0.000, 0.000, 9.454
0.000, 0.000, 9.534
0.000, 0.000, 9.542
0.000, 0.000, 9.542
0.000, 0.000, 9.536
0.000, 0.000, 9.546
0.000, 0.000, 9.592
0.000, 0.000, 9.613
0.005, 0.000, 8.986
0.000, 0.000, 8.838
0.000, 0.000, 8.815
0.000, 0.000, 9.003
0.000, 0.000, 9.082
0.000, 0.000, 9.131
0.000, 0.000, 9.237
0.000, 0.000, 9.267
0.000, 0.000, 9.239
0.000, 0.000, 9.343
0.001, 0.000, 9.300
0.000, 0.000, 9.248
0.000, 0.000, 9.300
0.000, 0.000, 9.354
0.003, 0.000, 8.820
0.000, 0.000, 8.863
0.005, 0.001, 7.983
0.000, 0.001, 8.386
0.000, 0.000, 8.788
0.000, 0.000, 8.980
0.000, 0.000, 9.004
0.000, 0.000, 9.106
0.000, 0.000, 9.192
0.000, 0.000, 9.289
0.000, 0.000, 9.349
0.000, 0.000, 9.349
0.000, 0.000, 9.399
0.000, 0.000, 9.410
0.000, 0.000, 9.480
0.000, 0.000, 9.462
0.000, 0.000, 9.483
0.000, 0.000, 9.523
0.000, 0.000, 9.503
0.000, 0.000, 9.589
0.000, 0.000, 9.591
0.001, 0.000, 9.434
0.000, 0.000, 9.492
0.000, 0.000, 9.461
0.000, 0.000, 9.586
0.000, 0.000, 9.488
0.000, 0.000, 9.591
0.000, 0.000, 9.549
0.000, 0.000, 9.456
0.000, 0.000, 9.595
0.000, 0.000, 9.559
0.002, 0.000, 9.183
0.000, 0.000, 9.228
0.000, 0.000, 9.292
0.000, 0.000, 9.398
0.000, 0.000, 9.416
0.000, 0.000, 9.427
0.000, 0.000, 9.469
0.000, 0.000, 9.513
0.000, 0.000, 9.507
0.000, 0.000, 9.557
0.000, 0.000, 9.526
0.000, 0.000, 9.549
0.000, 0.000, 9.548
0.000, 0.000, 9.499
0.000, 0.000, 9.562
0.000, 0.000, 9.557
0.000, 0.000, 9.586
0.000, 0.000, 9.652
0.000, 0.000, 9.707
0.000, 0.000, 9.654
0.000, 0.000, 9.685
0.000, 0.000, 9.685
0.001, 0.000, 9.642
0.000, 0.000, 9.583
0.000, 0.000, 9.446
0.000, 0.000, 9.452
0.000, 0.000, 9.462
0.000, 0.000, 9.459
0.000, 0.000, 9.617
0.000, 0.000, 9.571
0.000, 0.000, 9.612
0.000, 0.000, 9.619
0.000, 0.000, 9.687
0.000, 0.000, 9.644
0.000, 0.000, 9.624
0.000, 0.000, 9.690
0.000, 0.000, 9.701
0.000, 0.000, 9.653
0.000, 0.000, 9.682
0.000, 0.000, 9.720
0.000, 0.000, 9.723
0.000, 0.000, 9.757
0.001, 0.000, 9.589
0.000, 0.000, 9.569
0.000, 0.000, 9.618
0.000, 0.000, 9.643
0.000, 0.000, 9.538
0.000, 0.000, 9.546
0.000, 0.000, 9.606
0.000, 0.000, 9.666
0.000, 0.000, 9.663
0.000, 0.000, 9.692
0.000, 0.000, 9.778
0.001, 0.000, 9.636
0.000, 0.000, 9.618
0.000, 0.000, 9.627
0.000, 0.000, 9.631
0.000, 0.000, 9.640
0.000, 0.000, 9.624
0.001, 0.000, 9.443
0.000, 0.000, 9.499
0.000, 0.000, 9.426
0.000, 0.000, 9.587
0.000, 0.000, 9.551
0.001, 0.000, 9.356
0.000, 0.000, 9.389
0.000, 0.000, 9.457
0.000, 0.000, 9.528
0.000, 0.000, 9.428
0.000, 0.000, 9.525
0.000, 0.000, 9.561
0.000, 0.000, 9.756
0.000, 0.000, 9.612
0.000, 0.000, 9.644
0.000, 0.000, 9.724
0.000, 0.000, 9.757
0.000, 0.000, 9.665
0.000, 0.000, 9.634
0.000, 0.000, 9.723
0.000, 0.000, 9.745
0.000, 0.000, 9.773
0.000, 0.000, 9.768
0.000, 0.000, 9.853
0.000, 0.000, 9.885
0.000, 0.000, 9.940
0.000, 0.000, 9.870
0.000, 0.000, 9.892
0.000, 0.000, 9.943
0.000, 0.000, 9.961
0.000, 0.000, 9.929
0.000, 0.000, 9.878
0.000, 0.000, 9.902
0.000, 0.000, 9.904
0.000, 0.000, 9.936
0.000, 0.000, 10.026
0.000, 0.000, 10.048
0.000, 0.000, 10.017
0.000, 0.000, 10.024
0.000, 0.000, 9.977
0.000, 0.000, 9.972
0.000, 0.000, 9.903
0.000, 0.000, 10.020
0.000, 0.000, 9.970
0.000, 0.000, 9.984
0.000, 0.000, 9.916
0.000, 0.000, 9.947
0.000, 0.000, 9.935
0.000, 0.000, 10.102
0.000, 0.000, 10.111
0.000, 0.000, 10.093
0.000, 0.000, 10.003
0.000, 0.000, 9.997
0.000, 0.000, 10.045
0.000, 0.000, 10.070
0.000, 0.000, 10.056
0.000, 0.000, 10.173
0.000, 0.000, 10.062
0.000, 0.000, 10.211
0.000, 0.000, 10.096
0.000, 0.000, 10.170
0.000, 0.000, 10.130
0.000, 0.000, 10.207
0.000, 0.000, 10.183
0.000, 0.000, 10.195
0.000, 0.000, 10.239
0.007, 0.000, 9.229
0.000, 0.000, 8.977
0.000, 0.000, 9.083
0.000, 0.000, 9.338
0.000, 0.000, 9.421
0.000, 0.000, 9.546
0.000, 0.000, 9.649
0.000, 0.000, 9.535
0.000, 0.000, 9.617
0.000, 0.000, 9.764
0.000, 0.000, 9.725
0.000, 0.000, 9.740
0.000, 0.000, 9.816
0.000, 0.000, 9.819
0.000, 0.000, 9.926
0.000, 0.000, 9.894
0.000, 0.000, 9.939
0.000, 0.000, 9.923
0.000, 0.000, 10.032
0.000, 0.000, 9.886
0.000, 0.000, 9.936
0.000, 0.000, 10.021
0.000, 0.000, 9.958
0.000, 0.000, 10.009
0.000, 0.000, 9.995
0.000, 0.000, 10.013
0.000, 0.000, 10.045
0.000, 0.000, 10.060
0.000, 0.000, 10.103
0.000, 0.000, 10.099
0.000, 0.000, 10.161
0.000, 0.000, 10.174
0.000, 0.000, 10.194
0.000, 0.000, 10.214
0.000, 0.000, 10.222
0.000, 0.000, 10.198
0.005, 0.000, 9.128
0.000, 0.000, 8.852
0.000, 0.000, 9.007
0.000, 0.000, 9.194
0.000, 0.000, 9.296
0.000, 0.000, 9.439
0.000, 0.000, 9.548
0.000, 0.000, 9.672
0.000, 0.000, 9.667
0.000, 0.000, 9.712
0.000, 0.000, 9.802
0.000, 0.000, 9.785
0.000, 0.000, 9.867
0.000, 0.000, 9.864
0.000, 0.000, 9.950
0.000, 0.000, 9.938
0.000, 0.000, 9.963
0.000, 0.000, 9.986
0.000, 0.000, 10.104
0.000, 0.000, 10.042
0.001, 0.000, 9.864
0.003, 0.000, 9.019
0.000, 0.001, 8.880
0.000, 0.000, 9.251
0.000, 0.000, 9.507
0.000, 0.000, 9.634
0.000, 0.000, 9.682
0.000, 0.000, 9.786
0.000, 0.000, 9.747
0.000, 0.000, 9.822
0.000, 0.000, 9.884
0.000, 0.000, 9.834
0.000, 0.000, 9.885
0.000, 0.000, 9.891
0.000, 0.000, 9.962
0.000, 0.000, 10.035
0.000, 0.000, 9.954
0.000, 0.000, 10.129
0.000, 0.000, 10.126
0.000, 0.000, 10.042
0.000, 0.000, 10.086
0.000, 0.000, 10.142
0.000, 0.000, 10.184
0.000, 0.000, 10.216
0.001, 0.000, 10.104
0.000, 0.000, 9.880
0.000, 0.000, 9.932
0.000, 0.000, 9.940
0.000, 0.000, 10.030
0.000, 0.000, 9.976
0.000, 0.000, 10.016
0.000, 0.000, 10.113
0.000, 0.000, 10.000
0.000, 0.000, 10.147
0.000, 0.000, 10.149
0.000, 0.000, 10.087
0.000, 0.000, 10.109
0.000, 0.000, 10.119
0.000, 0.000, 10.095
0.000, 0.000, 10.052
0.001, 0.000, 9.713
0.000, 0.000, 9.691
0.000, 0.000, 9.673
0.000, 0.000, 9.672
0.000, 0.000, 9.846
0.000, 0.000, 9.894
0.000, 0.000, 9.830
0.000, 0.000, 9.846
0.000, 0.000, 9.960
0.000, 0.000, 9.909
0.000, 0.000, 10.106
0.000, 0.000, 9.999
0.000, 0.000, 10.179
0.000, 0.000, 10.138
0.000, 0.000, 10.249
0.000, 0.000, 10.202
0.000, 0.000, 10.261
0.000, 0.000, 10.214
0.000, 0.000, 10.287
0.000, 0.000, 10.291
0.000, 0.000, 10.285
0.000, 0.000, 10.250
0.001, 0.000, 9.903
0.000, 0.000, 9.832
0.000, 0.000, 9.841
0.000, 0.000, 9.834
0.000, 0.000, 9.877
0.000, 0.000, 9.986
0.000, 0.000, 10.021
0.000, 0.000, 10.101
0.000, 0.000, 10.122
0.000, 0.000, 10.114
0.000, 0.000, 10.271
0.000, 0.000, 10.181
0.000, 0.000, 10.232
0.000, 0.000, 10.252
0.000, 0.000, 10.198
0.000, 0.000, 10.324
0.000, 0.000, 10.185
0.000, 0.000, 10.259
0.000, 0.000, 10.338
0.000, 0.000, 10.244
0.000, 0.000, 10.321
0.000, 0.000, 10.364
0.000, 0.000, 10.405
0.000, 0.000, 10.397
0.000, 0.000, 10.359
0.000, 0.000, 10.399
0.000, 0.000, 10.505
0.000, 0.000, 10.487
0.000, 0.000, 10.402
0.000, 0.000, 10.523
0.001, 0.000, 10.175
0.000, 0.000, 10.161
0.000, 0.000, 10.219
0.001, 0.000, 9.823
0.000, 0.000, 9.942
0.000, 0.000, 9.916
0.000, 0.000, 10.025
0.000, 0.000, 9.977
0.000, 0.000, 10.013
0.000, 0.000, 10.217
0.000, 0.000, 10.172
0.000, 0.000, 10.125
0.000, 0.000, 10.118
0.000, 0.000, 10.266
0.000, 0.000, 10.364
0.000, 0.000, 10.363
0.000, 0.000, 10.384
0.000, 0.000, 10.458
0.000, 0.000, 10.302
0.000, 0.000, 10.364
0.000, 0.000, 10.407
0.000, 0.000, 10.405
0.000, 0.000, 10.356
0.000, 0.000, 10.380
0.000, 0.000, 10.493
0.000, 0.000, 10.469
0.000, 0.000, 10.509
0.000, 0.000, 10.489
0.000, 0.000, 10.554
0.000, 0.000, 10.536
0.000, 0.000, 10.461
0.000, 0.000, 10.604
0.000, 0.000, 10.595
0.000, 0.000, 10.593
0.000, 0.000, 10.702
0.000, 0.000, 10.542
0.000, 0.000, 10.583
0.000, 0.000, 10.616
0.000, 0.000, 10.642
0.000, 0.000, 10.684
0.000, 0.000, 10.683
0.000, 0.000, 10.654
0.000, 0.000, 10.704
0.000, 0.000, 10.670
0.000, 0.000, 10.700
0.000, 0.000, 10.760
0.000, 0.000, 10.755
0.000, 0.000, 10.773
0.001, 0.000, 10.511
0.000, 0.000, 10.448
0.000, 0.000, 10.465
0.000, 0.000, 10.382
0.000, 0.000, 10.378
0.000, 0.000, 10.402
0.000, 0.000, 10.419
0.000, 0.000, 10.433
0.000, 0.000, 10.428
0.000, 0.000, 10.547
0.000, 0.000, 10.421
0.000, 0.000, 10.563
0.000, 0.000, 10.424
0.000, 0.000, 10.424
0.000, 0.000, 10.459
0.000, 0.000, 10.547
0.000, 0.000, 10.582
0.000, 0.000, 10.560
0.000, 0.000, 10.511
0.001, 0.000, 10.265
0.000, 0.000, 10.202
0.000, 0.000, 10.210
0.000, 0.000, 10.253
0.000, 0.000, 10.357
0.000, 0.000, 10.308
0.000, 0.000, 10.388
0.000, 0.000, 10.437
0.000, 0.000, 10.398
0.000, 0.000, 10.393
0.000, 0.000, 10.456
0.000, 0.000, 10.545
0.000, 0.000, 10.584
0.000, 0.000, 10.553
0.000, 0.000, 10.508
0.000, 0.000, 10.485
0.000, 0.000, 10.533
0.000, 0.000, 10.556
0.000, 0.000, 10.543
0.000, 0.000, 10.615
0.000, 0.000, 10.524
0.000, 0.000, 10.573
0.000, 0.000, 10.778
0.000, 0.000, 10.647
0.000, 0.000, 10.530
0.000, 0.000, 10.562
0.000, 0.000, 10.545
0.000, 0.000, 10.530
0.000, 0.000, 10.548
0.000, 0.000, 10.672
0.000, 0.000, 10.496
0.000, 0.000, 10.622
0.000, 0.000, 10.642
0.000, 0.000, 10.570
0.000, 0.000, 10.666
0.000, 0.000, 10.668
0.000, 0.000, 10.707
0.000, 0.000, 10.664
0.000, 0.000, 10.543
0.000, 0.000, 10.664
0.000, 0.000, 10.602
0.000, 0.000, 10.625
0.000, 0.000, 10.639
0.000, 0.000, 10.626
0.000, 0.000, 10.629
0.000, 0.000, 10.677
0.000, 0.000, 10.824
0.000, 0.000, 10.671
0.000, 0.000, 10.676
0.000, 0.000, 10.826
0.000, 0.000, 10.741
0.000, 0.000, 10.680
0.000, 0.000, 10.731
0.000, 0.000, 10.730
0.000, 0.000, 10.831
0.000, 0.000, 10.747
0.000, 0.000, 10.857
0.000, 0.000, 10.798
0.000, 0.000, 10.871
0.000, 0.000, 10.876
0.000, 0.000, 10.843
0.000, 0.000, 10.842
0.000, 0.000, 10.857
0.000, 0.000, 10.906
0.000, 0.000, 10.904
0.000, 0.000, 10.847
0.000, 0.000, 10.887
0.000, 0.000, 10.816
0.000, 0.000, 10.870
0.000, 0.000, 10.818
0.000, 0.000, 10.903
0.000, 0.000, 10.902
0.000, 0.000, 10.905
0.000, 0.000, 10.804
0.000, 0.000, 10.894
0.000, 0.000, 10.900
0.000, 0.000, 10.947
0.000, 0.000, 10.901
0.000, 0.000, 11.052
0.000, 0.000, 10.931
0.000, 0.000, 10.940
0.000, 0.000, 10.875
0.001, 0.000, 10.782
0.000, 0.000, 10.725
0.000, 0.000, 10.708
0.000, 0.000, 10.776
0.000, 0.000, 10.788
0.000, 0.000, 10.533
0.000, 0.000, 10.520
0.000, 0.000, 10.532
0.000, 0.000, 10.642
0.000, 0.000, 10.490
0.000, 0.000, 10.568
0.000, 0.000, 10.584
0.000, 0.000, 10.725
0.000, 0.000, 10.650
0.000, 0.000, 10.736
0.000, 0.000, 10.469
0.000, 0.000, 10.402
0.000, 0.000, 10.441
0.000, 0.000, 10.557
0.000, 0.000, 10.442
0.000, 0.000, 10.495
0.000, 0.000, 10.606
0.000, 0.000, 10.789
0.000, 0.000, 10.746
0.000, 0.000, 10.712
0.000, 0.000, 10.744
0.000, 0.000, 10.643
0.000, 0.000, 10.704
0.000, 0.000, 10.640
0.000, 0.000, 10.654
0.000, 0.000, 10.730
0.000, 0.000, 10.716
0.000, 0.000, 10.581
0.000, 0.000, 10.821
0.000, 0.000, 10.724
0.000, 0.000, 10.857
0.000, 0.000, 10.884
0.000, 0.000, 10.819
0.000, 0.000, 10.782
0.000, 0.000, 10.874
0.000, 0.000, 10.805
0.000, 0.000, 10.619
0.000, 0.000, 10.720
0.000, 0.000, 10.628
0.000, 0.000, 10.745
0.000, 0.000, 10.714
0.000, 0.000, 10.709
0.000, 0.000, 10.771
0.000, 0.000, 10.859
0.000, 0.000, 10.862
0.000, 0.000, 10.791
0.000, 0.000, 10.873
0.000, 0.000, 10.957
0.000, 0.000, 10.788
0.003, 0.000, 9.228
0.000, 0.001, 9.705
0.000, 0.000, 10.207
0.000, 0.000, 10.303
0.000, 0.000, 10.436
0.002, 0.000, 9.501
0.000, 0.000, 9.411
0.000, 0.000, 9.729
0.000, 0.000, 9.655
0.000, 0.000, 10.068
0.000, 0.000, 10.192
0.000, 0.000, 10.211
0.000, 0.000, 10.262
0.000, 0.000, 10.381
0.000, 0.000, 10.379
0.001, 0.000, 10.094
0.000, 0.000, 9.892
0.000, 0.000, 10.093
0.000, 0.000, 10.231
0.000, 0.000, 10.302
0.000, 0.000, 10.269
0.000, 0.000, 10.345
0.000, 0.000, 10.425
0.000, 0.000, 10.542
0.000, 0.000, 10.553
0.000, 0.000, 10.641
0.000, 0.000, 10.563
0.000, 0.000, 10.762
0.000, 0.000, 10.621
0.000, 0.000, 10.680
0.000, 0.000, 10.652
0.000, 0.000, 10.652
0.000, 0.000, 10.776
0.000, 0.000, 10.864
0.000, 0.000, 10.851
0.000, 0.000, 10.816
0.000, 0.000, 10.834
0.000, 0.000, 10.669
0.000, 0.000, 10.695
0.000, 0.000, 10.762
0.000, 0.000, 10.717
0.000, 0.000, 10.691
0.000, 0.000, 10.731
0.000, 0.000, 10.842
0.000, 0.000, 10.812
0.000, 0.000, 10.805
0.000, 0.000, 10.836
0.000, 0.000, 10.819
0.001, 0.000, 10.218
0.000, 0.000, 10.280
0.000, 0.000, 10.233
0.000, 0.000, 10.377
0.000, 0.000, 10.450
0.000, 0.000, 10.565
0.000, 0.000, 10.573
0.000, 0.000, 10.574
0.000, 0.000, 10.722
0.000, 0.000, 10.721
0.000, 0.000, 10.700
0.000, 0.000, 10.805
0.000, 0.000, 10.821
0.000, 0.000, 10.858
0.000, 0.000, 10.853
0.000, 0.000, 11.006
0.000, 0.000, 10.894
0.000, 0.000, 10.867
0.000, 0.000, 10.862
0.000, 0.000, 10.856
0.000, 0.000, 10.910
0.000, 0.000, 10.709
0.000, 0.000, 10.710
0.000, 0.013, 11.419
0.000, 1.200, 19.457
0.168, 12.738, 4.401
3.361, 44.131, 0.000
0.144, 20.151, 0.001
0.021, 8.324, 0.059
0.008, 1.603, 2.033
0.010, 0.157, 2.629
0.015, 1.187, 0.706
0.036, 1.081, 0.816
0.109, 0.627, 1.176
0.248, 0.469, 1.262
0.168, 0.456, 1.271
0.150, 0.476, 1.242
0.144, 0.534, 1.145
0.156, 0.667, 1.023
0.121, 0.595, 1.273
0.100, 0.290, 1.862
0.067, 0.193, 2.085
0.041, 0.190, 1.987
0.036, 0.220, 1.908
0.040, 0.229, 1.918
0.061, 0.239, 1.928
0.090, 0.267, 1.938
0.099, 0.325, 1.853
0.161, 0.442, 1.573
0.141, 0.531, 1.829
0.185, 0.254, 2.343
0.097, 0.084, 3.038
0.035, 0.076, 3.168
0.022, 0.092, 2.903
0.023, 0.151, 2.541
0.022, 0.193, 2.293
0.037, 0.243, 2.232
0.097, 0.261, 2.195
0.136, 0.321, 2.210
0.196, 0.383, 2.274
0.193, 0.369, 2.466
0.263, 0.462, 2.509
0.353, 0.567, 2.667
0.446, 0.491, 2.408
0.380, 0.543, 2.472
0.455, 0.454, 2.154
0.383, 0.572, 2.036
0.425, 0.601, 2.001
0.471, 0.653, 1.668
0.439, 0.890, 1.646
0.648, 0.788, 1.462
0.377, 0.540, 1.856
0.300, 0.338, 2.099
0.183, 0.261, 2.287
0.206, 0.293, 2.369
0.189, 0.313, 2.389
0.284, 0.440, 2.389
0.503, 0.609, 2.520
0.620, 0.474, 2.152
0.487, 0.512, 2.093
0.505, 0.591, 1.896
0.514, 0.604, 1.766
0.568, 0.677, 1.679
0.594, 0.675, 1.649
0.621, 0.633, 1.552
0.593, 0.699, 1.497
0.532, 0.670, 1.602
0.572, 0.663, 1.733
0.554, 0.589, 1.688
0.556, 0.613, 1.648
0.531, 0.737, 1.701
0.650, 0.649, 1.544
0.748, 0.776, 1.508
0.637, 0.592, 1.625
0.646, 0.558, 1.482
0.624, 0.708, 1.536
0.572, 0.649, 1.559
0.617, 0.645, 1.401
0.689, 0.823, 1.290
0.670, 0.905, 1.355
0.725, 0.753, 1.365
0.805, 0.771, 1.341
0.779, 0.822, 1.327
0.741, 0.680, 1.330
0.667, 0.708, 1.393
0.685, 0.648, 1.372
0.629, 0.629, 1.381
0.707, 0.650, 1.312
0.687, 0.633, 1.261
0.655, 0.626, 1.262
0.686, 0.699, 1.161
0.749, 0.706, 1.160
0.763, 0.784, 1.112
0.759, 0.837, 1.095
0.826, 0.798, 1.042
0.846, 0.871, 0.992
0.809, 0.838, 1.013
0.897, 0.827, 0.994
0.877, 0.816, 0.965
0.907, 0.888, 0.925
0.955, 0.897, 0.870
0.913, 0.908, 0.884
0.973, 0.956, 0.856
0.920, 0.928, 0.876
1.064, 0.915, 0.822
1.000, 0.991, 0.796
0.972, 0.984, 0.813
1.020, 0.919, 0.774
1.038, 0.988, 0.774
0.987, 0.968, 0.749
0.979, 0.949, 0.768
1.024, 0.897, 0.776
0.965, 0.900, 0.788
1.027, 0.886, 0.795
0.931, 0.839, 0.806
0.992, 0.833, 0.813
0.895, 0.827, 0.836
0.931, 0.786, 0.868
0.864, 0.766, 0.896
0.837, 0.695, 0.943
0.839, 0.702, 0.974
0.816, 0.679, 0.982
0.789, 0.700, 0.990
0.768, 0.660, 1.013
0.702, 0.654, 1.029
0.691, 0.640, 1.029
0.694, 0.620, 1.023
0.677, 0.650, 1.009
0.681, 0.633, 0.990
0.671, 0.663, 1.029
0.685, 0.685, 0.988
0.679, 0.674, 0.988
0.676, 0.685, 0.984
0.706, 0.712, 0.949
0.677, 0.707, 0.932
0.714, 0.707, 0.907
0.715, 0.708, 0.908
0.768, 0.717, 0.888
0.684, 0.677, 0.896
0.791, 0.700, 0.866
0.749, 0.772, 0.874
0.785, 0.751, 0.866
0.780, 0.761, 0.869
0.792, 0.738, 0.840
0.761, 0.727, 0.856
0.812, 0.775, 0.844
0.779, 0.785, 0.854
0.793, 0.757, 0.819
0.803, 0.792, 0.821
0.812, 0.780, 0.813
0.778, 0.760, 0.811
0.805, 0.781, 0.778
0.772, 0.798, 0.798
0.766, 0.791, 0.803
0.788, 0.760, 0.808
0.761, 0.784, 0.821
0.782, 0.770, 0.828
0.770, 0.788, 0.854
0.776, 0.781, 0.851
0.775, 0.729, 0.865
0.779, 0.706, 0.833
0.746, 0.711, 0.857
0.742, 0.698, 0.920
0.727, 0.669, 0.926
0.751, 0.634, 0.974
0.696, 0.601, 1.004
0.681, 0.573, 1.035
0.681, 0.569, 1.036
0.640, 0.542, 1.082
0.629, 0.566, 1.111
0.627, 0.521, 1.093
0.599, 0.539, 1.104
0.570, 0.571, 1.087
0.574, 0.550, 1.075
0.594, 0.588, 1.073
0.559, 0.570, 1.054
0.597, 0.577, 1.032
0.592, 0.607, 1.001
0.591, 0.602, 1.000
0.605, 0.636, 0.971
0.599, 0.660, 0.953
0.620, 0.658, 0.961
0.654, 0.712, 0.939
0.653, 0.657, 0.932
0.682, 0.697, 0.916
0.704, 0.698, 0.887
0.695, 0.709, 0.863
0.712, 0.685, 0.884
0.696, 0.750, 0.887
0.702, 0.719, 0.880
0.727, 0.709, 0.886
0.757, 0.731, 0.872
0.726, 0.700, 0.842
0.725, 0.713, 0.847
0.738, 0.713, 0.844
0.745, 0.730, 0.834
0.735, 0.698, 0.829
0.739, 0.744, 0.848
0.774, 0.721, 0.833
0.735, 0.702, 0.822
0.749, 0.707, 0.832
0.688, 0.719, 0.858
0.740, 0.697, 0.818
0.732, 0.704, 0.859
0.767, 0.724, 0.832
0.715, 0.710, 0.834
0.754, 0.698, 0.824
0.727, 0.682, 0.854
0.731, 0.688, 0.852
0.768, 0.689, 0.816
0.758, 0.709, 0.814
0.748, 0.700, 0.828
0.742, 0.692, 0.843
0.703, 0.715, 0.837
0.703, 0.655, 0.845
0.746, 0.679, 0.847
0.721, 0.676, 0.892
0.729, 0.680, 0.842
0.709, 0.659, 0.840
0.740, 0.670, 0.842
0.711, 0.675, 0.855
0.689, 0.664, 0.876
0.713, 0.651, 0.864
0.708, 0.665, 0.874
0.723, 0.640, 0.851
0.709, 0.648, 0.861
0.715, 0.678, 0.849
0.672, 0.672, 0.870
0.730, 0.681, 0.863
0.686, 0.662, 0.855
0.700, 0.669, 0.868
0.673, 0.652, 0.878
0.670, 0.627, 0.877
0.680, 0.648, 0.879
0.696, 0.625, 0.895
0.686, 0.620, 0.870
0.660, 0.634, 0.865
0.625, 0.643, 0.877
0.663, 0.633, 0.874
0.645, 0.645, 0.879
0.638, 0.638, 0.878
0.656, 0.644, 0.897
0.651, 0.649, 0.875
0.674, 0.665, 0.903
0.673, 0.623, 0.881
0.662, 0.664, 0.864
0.670, 0.655, 0.884
0.682, 0.683, 0.855
0.681, 0.662, 0.859
0.668, 0.665, 0.864
0.680, 0.666, 0.842
0.667, 0.686, 0.867
0.703, 0.688, 0.834
0.700, 0.688, 0.851
0.674, 0.688, 0.849
0.705, 0.676, 0.847
0.704, 0.690, 0.846
0.672, 0.687, 0.833
0.686, 0.674, 0.826
0.697, 0.696, 0.829
0.685, 0.713, 0.825
0.694, 0.694, 0.831
0.701, 0.699, 0.824
0.737, 0.713, 0.822
0.701, 0.693, 0.805
0.697, 0.687, 0.813
0.665, 0.699, 0.816
0.680, 0.696, 0.834
0.732, 0.697, 0.835
0.710, 0.691, 0.837
0.697, 0.687, 0.838
0.697, 0.687, 0.818
0.680, 0.671, 0.833
0.659, 0.649, 0.843
0.678, 0.690, 0.858
0.689, 0.651, 0.843
0.703, 0.718, 0.846
0.700, 0.652, 0.851
0.674, 0.655, 0.844
0.699, 0.668, 0.847
0.686, 0.662, 0.845
0.666, 0.685, 0.860
0.687, 0.665, 0.872
0.708, 0.653, 0.865
0.650, 0.660, 0.851
0.669, 0.664, 0.878
0.669, 0.690, 0.852
0.666, 0.654, 0.875
0.676, 0.650, 0.891
0.689, 0.633, 0.884
0.677, 0.640, 0.872
0.679, 0.640, 0.870
0.671, 0.612, 0.873
0.657, 0.643, 0.865
0.645, 0.641, 0.859
0.655, 0.647, 0.888
0.641, 0.629, 0.877
0.633, 0.653, 0.894
0.666, 0.653, 0.888
0.680, 0.613, 0.881
0.649, 0.676, 0.868
0.643, 0.626, 0.884
0.667, 0.643, 0.883
0.647, 0.634, 0.914
0.673, 0.632, 0.886
0.688, 0.628, 0.882
0.665, 0.622, 0.874
0.618, 0.629, 0.875
0.643, 0.668, 0.875
0.664, 0.639, 0.841
0.641, 0.662, 0.849
0.667, 0.677, 0.845
0.646, 0.668, 0.844
0.655, 0.658, 0.845
0.673, 0.659, 0.834
0.652, 0.670, 0.843
0.665, 0.688, 0.830
0.665, 0.707, 0.836
0.683, 0.681, 0.827
0.684, 0.705, 0.825
0.702, 0.677, 0.830
0.721, 0.693, 0.814
0.724, 0.718, 0.804
0.684, 0.710, 0.805
0.673, 0.715, 0.803
0.669, 0.685, 0.815
0.684, 0.673, 0.839
0.703, 0.686, 0.825
0.697, 0.699, 0.804
0.701, 0.698, 0.820
0.672, 0.715, 0.839
0.709, 0.702, 0.842
0.671, 0.688, 0.846
0.712, 0.657, 0.831
0.690, 0.693, 0.824
0.677, 0.680, 0.842
0.671, 0.688, 0.832
0.672, 0.653, 0.855
0.698, 0.688, 0.849
0.670, 0.683, 0.860
0.690, 0.647, 0.847
0.694, 0.662, 0.844
0.674, 0.658, 0.853
0.650, 0.666, 0.850
0.673, 0.645, 0.841
0.681, 0.661, 0.840
0.675, 0.631, 0.862
0.684, 0.663, 0.857
0.663, 0.652, 0.849
0.668, 0.652, 0.856
0.679, 0.652, 0.860
0.650, 0.642, 0.856
0.676, 0.642, 0.860
0.675, 0.641, 0.867
0.647, 0.663, 0.852
0.674, 0.652, 0.864
0.667, 0.644, 0.842
0.664, 0.646, 0.830
0.650, 0.660, 0.835
0.631, 0.668, 0.848
0.663, 0.653, 0.830
0.669, 0.660, 0.833
0.662, 0.680, 0.825
0.670, 0.685, 0.814
0.659, 0.692, 0.813
0.688, 0.673, 0.806
0.681, 0.686, 0.810
0.666, 0.675, 0.815
0.661, 0.690, 0.803
0.679, 0.682, 0.814
0.697, 0.701, 0.799
0.695, 0.697, 0.803
0.693, 0.715, 0.797
0.699, 0.722, 0.797
0.709, 0.694, 0.784
0.705, 0.706, 0.795
0.701, 0.708, 0.785
0.725, 0.705, 0.781
0.711, 0.682, 0.775
0.705, 0.717, 0.783
0.711, 0.710, 0.796
0.706, 0.709, 0.792
0.705, 0.690, 0.791
0.700, 0.685, 0.830
0.688, 0.663, 0.813
0.704, 0.671, 0.824
0.690, 0.676, 0.835
0.707, 0.666, 0.849
0.699, 0.653, 0.833
0.687, 0.665, 0.856
0.680, 0.616, 0.830
0.685, 0.655, 0.815
0.678, 0.679, 0.822
0.657, 0.674, 0.822
0.682, 0.682, 0.816
0.666, 0.673, 0.796
0.682, 0.694, 0.809
0.674, 0.681, 0.799
0.662, 0.702, 0.793
0.685, 0.699, 0.790
0.695, 0.729, 0.781
0.681, 0.735, 0.772
0.729, 0.697, 0.772
0.698, 0.754, 0.757
0.718, 0.736, 0.775
0.710, 0.741, 0.751
0.715, 0.725, 0.754
0.698, 0.731, 0.767
0.763, 0.730, 0.768
0.748, 0.714, 0.746
0.718, 0.730, 0.763
0.719, 0.718, 0.767
0.740, 0.722, 0.772
0.728, 0.711, 0.767
0.724, 0.688, 0.770
0.738, 0.727, 0.762
0.729, 0.707, 0.778
0.721, 0.712, 0.783
0.700, 0.677, 0.791
0.716, 0.692, 0.787
0.702, 0.680, 0.799
0.692, 0.681, 0.806
0.713, 0.676, 0.821
0.691, 0.679, 0.815
0.717, 0.685, 0.816
0.680, 0.674, 0.811
0.698, 0.646, 0.834
0.678, 0.657, 0.807
0.663, 0.661, 0.805
0.668, 0.666, 0.796
0.680, 0.666, 0.811
0.673, 0.670, 0.808
0.688, 0.687, 0.812
0.659, 0.671, 0.796
0.688, 0.695, 0.778
0.673, 0.679, 0.769
0.677, 0.724, 0.775
0.677, 0.718, 0.765
0.668, 0.705, 0.765
0.685, 0.716, 0.765
0.672, 0.731, 0.745
0.688, 0.725, 0.762
0.705, 0.713, 0.748
0.697, 0.741, 0.749
0.684, 0.725, 0.740
0.695, 0.733, 0.734
0.698, 0.727, 0.743
0.694, 0.746, 0.748
0.705, 0.747, 0.746
0.725, 0.730, 0.748
0.713, 0.714, 0.757
0.717, 0.751, 0.751
0.698, 0.733, 0.771
0.712, 0.725, 0.752
0.722, 0.713, 0.760
0.715, 0.700, 0.772
0.706, 0.720, 0.763
0.717, 0.697, 0.764
0.683, 0.711, 0.775
0.700, 0.710, 0.770
0.727, 0.705, 0.781
0.691, 0.693, 0.766
0.681, 0.697, 0.793
0.678, 0.685, 0.775
0.682, 0.685, 0.773
0.663, 0.712, 0.770
0.683, 0.695, 0.779
0.673, 0.685, 0.771
0.685, 0.692, 0.763
0.683, 0.693, 0.748
0.688, 0.694, 0.758
0.673, 0.718, 0.745
0.685, 0.744, 0.743
0.691, 0.728, 0.722
0.690, 0.729, 0.740
0.710, 0.738, 0.726
0.685, 0.745, 0.718
0.685, 0.741, 0.731
0.689, 0.731, 0.717
0.674, 0.747, 0.724
0.697, 0.758, 0.722
0.708, 0.752, 0.729
0.722, 0.730, 0.718
0.710, 0.747, 0.726
0.718, 0.730, 0.729
0.705, 0.733, 0.749
0.700, 0.714, 0.753
0.725, 0.709, 0.754
0.718, 0.714, 0.744
0.703, 0.702, 0.747
0.706, 0.707, 0.759
0.697, 0.690, 0.757
0.704, 0.703, 0.762
0.698, 0.698, 0.762
0.689, 0.693, 0.760
0.689, 0.707, 0.773
0.681, 0.700, 0.768
0.691, 0.688, 0.774
0.672, 0.680, 0.773
0.670, 0.688, 0.766
0.691, 0.685, 0.782
0.687, 0.677, 0.773
0.684, 0.684, 0.761
0.672, 0.695, 0.765
0.685, 0.689, 0.762
0.682, 0.678, 0.745
0.678, 0.716, 0.751
0.687, 0.705, 0.755
0.694, 0.715, 0.736
0.680, 0.719, 0.736
0.696, 0.723, 0.723
0.670, 0.720, 0.721
0.677, 0.748, 0.722
0.677, 0.733, 0.731
0.692, 0.736, 0.716
0.683, 0.760, 0.714
0.700, 0.735, 0.720
0.699, 0.734, 0.722
0.686, 0.739, 0.741
0.711, 0.730, 0.737
0.717, 0.697, 0.749
0.710, 0.718, 0.767
0.703, 0.705, 0.764
0.711, 0.703, 0.762
0.725, 0.696, 0.760
0.694, 0.702, 0.750
0.681, 0.685, 0.744
0.678, 0.702, 0.765
0.667, 0.704, 0.756
0.665, 0.694, 0.752
0.659, 0.702, 0.749
0.659, 0.710, 0.753
0.654, 0.699, 0.745
0.653, 0.718, 0.747
0.674, 0.706, 0.742
0.655, 0.721, 0.741
0.670, 0.718, 0.742
0.679, 0.726, 0.755
0.669, 0.698, 0.751
0.679, 0.725, 0.756
0.679, 0.709, 0.742
0.682, 0.719, 0.736
0.667, 0.718, 0.731
0.680, 0.725, 0.729
0.684, 0.727, 0.725
0.686, 0.723, 0.712
0.666, 0.721, 0.719
0.676, 0.737, 0.721
0.679, 0.743, 0.723
0.671, 0.737, 0.718
0.672, 0.744, 0.708
0.667, 0.722, 0.730
0.670, 0.728, 0.735
0.692, 0.726, 0.730
0.685, 0.714, 0.757
0.667, 0.708, 0.752
0.679, 0.685, 0.766
0.691, 0.684, 0.762
0.693, 0.698, 0.756
0.692, 0.692, 0.744
0.685, 0.688, 0.756
0.653, 0.701, 0.750
0.662, 0.705, 0.759
0.673, 0.686, 0.751
0.641, 0.693, 0.752
0.648, 0.702, 0.747
0.655, 0.703, 0.735
0.668, 0.700, 0.745
0.656, 0.714, 0.752
0.636, 0.712, 0.752
0.654, 0.709, 0.757
0.663, 0.691, 0.753
0.673, 0.717, 0.746
0.663, 0.704, 0.751
0.686, 0.708, 0.731
0.670, 0.713, 0.721
0.672, 0.723, 0.723
0.680, 0.733, 0.724
0.673, 0.740, 0.728
0.659, 0.738, 0.714
0.679, 0.731, 0.728
0.674, 0.737, 0.732
0.675, 0.729, 0.719
0.684, 0.728, 0.724
0.685, 0.746, 0.729
0.691, 0.721, 0.737
0.679, 0.711, 0.739
0.686, 0.715, 0.731
0.694, 0.705, 0.746
0.694, 0.703, 0.748
0.678, 0.704, 0.746
0.680, 0.702, 0.750
0.697, 0.706, 0.743
0.667, 0.698, 0.743
0.673, 0.691, 0.751
0.670, 0.704, 0.760
0.668, 0.710, 0.753
0.689, 0.689, 0.756
0.679, 0.696, 0.767
0.686, 0.715, 0.745
0.658, 0.704, 0.755
0.673, 0.704, 0.747
0.663, 0.694, 0.757
0.661, 0.696, 0.744
0.674, 0.714, 0.753
0.681, 0.704, 0.746
0.677, 0.711, 0.748
0.680, 0.706, 0.749
0.689, 0.716, 0.755
0.681, 0.712, 0.745
0.689, 0.721, 0.730
0.656, 0.727, 0.727
0.675, 0.725, 0.742
0.685, 0.711, 0.742
0.675, 0.724, 0.731
0.683, 0.727, 0.731
0.680, 0.721, 0.721
0.677, 0.728, 0.739
0.690, 0.725, 0.721
0.691, 0.717, 0.732
0.684, 0.719, 0.734
0.678, 0.697, 0.744
0.681, 0.710, 0.753
0.705, 0.705, 0.756
0.682, 0.694, 0.752
0.691, 0.692, 0.753
0.688, 0.686, 0.759
0.686, 0.684, 0.762
0.676, 0.690, 0.761
0.678, 0.686, 0.762
0.687, 0.686, 0.757
0.671, 0.697, 0.758
0.681, 0.686, 0.768
0.677, 0.695, 0.771
0.655, 0.688, 0.754
0.678, 0.697, 0.762
0.672, 0.697, 0.758
0.680, 0.678, 0.758
0.675, 0.687, 0.753
0.671, 0.689, 0.756
0.675, 0.710, 0.770
0.677, 0.699, 0.760
0.682, 0.708, 0.752
0.689, 0.701, 0.761
0.680, 0.710, 0.742
0.673, 0.713, 0.741
0.682, 0.698, 0.744
0.671, 0.698, 0.752
0.690, 0.713, 0.733
0.691, 0.720, 0.733
0.678, 0.728, 0.729
0.688, 0.707, 0.741
0.684, 0.709, 0.736
0.683, 0.694, 0.734
0.692, 0.715, 0.735
0.679, 0.704, 0.732
0.675, 0.714, 0.747
0.706, 0.712, 0.749
0.696, 0.709, 0.748
0.684, 0.704, 0.757
0.697, 0.680, 0.748
0.695, 0.692, 0.747
0.684, 0.694, 0.757
0.686, 0.698, 0.749
0.677, 0.702, 0.751
0.691, 0.697, 0.754
0.673, 0.689, 0.754
0.675, 0.687, 0.751
0.669, 0.693, 0.752
0.662, 0.691, 0.744
0.675, 0.717, 0.754
0.664, 0.696, 0.753
0.665, 0.701, 0.753
0.680, 0.705, 0.775
0.683, 0.687, 0.768
0.675, 0.674, 0.763
0.675, 0.684, 0.765
0.686, 0.684, 0.767
0.684, 0.672, 0.781
0.681, 0.680, 0.752
0.683, 0.684, 0.758
0.675, 0.701, 0.742
0.671, 0.701, 0.746
0.686, 0.689, 0.747
0.652, 0.690, 0.744
0.666, 0.701, 0.746
0.663, 0.706, 0.743
0.679, 0.704, 0.741
0.673, 0.717, 0.750
0.659, 0.697, 0.748
0.669, 0.711, 0.757
0.673, 0.708, 0.764
0.673, 0.699, 0.762
0.669, 0.684, 0.769
0.682, 0.689, 0.768
0.678, 0.694, 0.779
0.668, 0.680, 0.767
0.699, 0.671, 0.776
0.687, 0.688, 0.770
0.691, 0.676, 0.765
0.684, 0.692, 0.763
0.676, 0.690, 0.766
0.676, 0.678, 0.762
0.675, 0.681, 0.761
0.672, 0.684, 0.774
0.665, 0.679, 0.761
0.669, 0.676, 0.757
0.683, 0.680, 0.757
0.664, 0.682, 0.775
0.679, 0.681, 0.777
0.685, 0.680, 0.794
0.684, 0.662, 0.785
0.676, 0.671, 0.779
0.676, 0.666, 0.777
0.700, 0.680, 0.786
0.691, 0.665, 0.775
0.684, 0.673, 0.785
0.681, 0.669, 0.777
0.685, 0.678, 0.781
0.686, 0.695, 0.776
0.678, 0.669, 0.772
0.674, 0.682, 0.770
0.672, 0.672, 0.772
0.683, 0.686, 0.773
0.689, 0.692, 0.759
0.656, 0.698, 0.768
0.681, 0.679, 0.769
0.671, 0.676, 0.771
0.667, 0.676, 0.774
0.699, 0.676, 0.772
0.688, 0.670, 0.781
0.695, 0.670, 0.769
0.690, 0.683, 0.766
0.690, 0.689, 0.785
0.689, 0.693, 0.771
0.683, 0.681, 0.774
0.682, 0.665, 0.773
0.675, 0.680, 0.775
0.698, 0.678, 0.775
0.672, 0.674, 0.766
0.689, 0.694, 0.767
0.688, 0.676, 0.770
0.690, 0.669, 0.767
0.688, 0.665, 0.784
0.672, 0.671, 0.769
0.678, 0.661, 0.768
0.685, 0.668, 0.775
0.684, 0.670, 0.777
0.679, 0.675, 0.783
0.686, 0.671, 0.776
0.690, 0.666, 0.771
0.668, 0.667, 0.786
0.679, 0.673, 0.782
0.668, 0.654, 0.783
0.684, 0.670, 0.772
0.679, 0.684, 0.771
0.685, 0.682, 0.778
0.676, 0.680, 0.769
0.676, 0.671, 0.783
0.693, 0.687, 0.769
0.671, 0.678, 0.759
0.681, 0.677, 0.775
0.687, 0.699, 0.766
0.689, 0.681, 0.759
0.692, 0.686, 0.756
0.679, 0.697, 0.748
0.668, 0.695, 0.757
0.683, 0.690, 0.755
0.684, 0.700, 0.759
0.674, 0.680, 0.754
0.684, 0.685, 0.771
0.678, 0.687, 0.771
0.680, 0.682, 0.776
0.694, 0.678, 0.764
0.692, 0.683, 0.763
0.687, 0.667, 0.762
0.683, 0.682, 0.767
0.681, 0.683, 0.770
0.684, 0.676, 0.785
0.684, 0.687, 0.760
0.675, 0.680, 0.774
0.678, 0.689, 0.765
0.684, 0.686, 0.770
0.682, 0.691, 0.773
0.677, 0.690, 0.777
0.683, 0.675, 0.781
0.691, 0.675, 0.780
0.682, 0.670, 0.769
0.685, 0.675, 0.784
0.671, 0.688, 0.777
0.678, 0.673, 0.796
0.705, 0.674, 0.792
0.678, 0.677, 0.793
0.695, 0.682, 0.782
0.701, 0.674, 0.770
0.684, 0.682, 0.768
0.691, 0.685, 0.770
0.686, 0.697, 0.760
0.688, 0.673, 0.765
0.685, 0.684, 0.763
0.680, 0.672, 0.764
0.664, 0.685, 0.773
0.671, 0.687, 0.752
0.684, 0.702, 0.761
0.673, 0.680, 0.764
0.687, 0.705, 0.760
0.679, 0.694, 0.767
0.677, 0.698, 0.771
0.692, 0.677, 0.764
0.678, 0.675, 0.779
0.679, 0.673, 0.791
0.701, 0.667, 0.783
0.691, 0.682, 0.774
0.678, 0.664, 0.764
0.683, 0.681, 0.773
0.696, 0.672, 0.765
0.679, 0.673, 0.758
0.667, 0.672, 0.775
0.674, 0.670, 0.769
0.663, 0.679, 0.768
0.660, 0.681, 0.767
0.674, 0.679, 0.766
0.684, 0.677, 0.769
0.691, 0.690, 0.781
0.687, 0.685, 0.767
0.679, 0.666, 0.758
0.668, 0.679, 0.759
0.683, 0.689, 0.773
0.670, 0.673, 0.767
0.679, 0.687, 0.775
0.683, 0.680, 0.775
0.681, 0.692, 0.766
0.683, 0.690, 0.765
0.672, 0.676, 0.774
0.669, 0.668, 0.772
0.670, 0.676, 0.759
0.678, 0.696, 0.771
0.676, 0.690, 0.763
0.676, 0.693, 0.764
0.692, 0.686, 0.773
0.693, 0.680, 0.768
0.682, 0.675, 0.771
0.689, 0.683, 0.780
0.687, 0.674, 0.781
0.679, 0.685, 0.759
0.669, 0.670, 0.785
0.692, 0.669, 0.779
0.689, 0.664, 0.778
0.686, 0.674, 0.764
0.682, 0.691, 0.766
0.687, 0.687, 0.765
0.677, 0.670, 0.785
0.675, 0.676, 0.767
0.676, 0.685, 0.784
0.697, 0.670, 0.780
0.671, 0.680, 0.776
0.688, 0.667, 0.778
0.680, 0.675, 0.773
0.670, 0.681, 0.778
0.671, 0.678, 0.781
0.671, 0.677, 0.770
0.664, 0.683, 0.767
0.686, 0.680, 0.772
0.682, 0.682, 0.765
0.702, 0.662, 0.777
0.687, 0.693, 0.763
0.681, 0.678, 0.775
0.676, 0.675, 0.776
0.678, 0.686, 0.772
0.665, 0.678, 0.766
0.666, 0.680, 0.770
0.676, 0.685, 0.782
0.661, 0.681, 0.780
0.694, 0.669, 0.765
0.693, 0.669, 0.767
0.678, 0.686, 0.774
0.665, 0.682, 0.781
0.682, 0.673, 0.787
0.693, 0.671, 0.769
0.680, 0.668, 0.773
0.690, 0.671, 0.775
0.679, 0.685, 0.774
0.689, 0.669, 0.771
0.671, 0.676, 0.781
0.662, 0.665, 0.778
0.693, 0.665, 0.785
0.676, 0.665, 0.772
0.692, 0.680, 0.786
0.684, 0.682, 0.776
0.679, 0.672, 0.779
0.686, 0.679, 0.770
0.695, 0.694, 0.768
0.683, 0.687, 0.774
0.678, 0.692, 0.770
0.673, 0.675, 0.770
0.684, 0.678, 0.773
0.686, 0.678, 0.785
0.673, 0.682, 0.789
0.673, 0.665, 0.788
0.682, 0.662, 0.785
0.708, 0.660, 0.781
0.684, 0.662, 0.779
0.687, 0.675, 0.770
0.690, 0.670, 0.773
0.681, 0.685, 0.767
0.674, 0.679, 0.768
0.686, 0.674, 0.771
0.667, 0.671, 0.777
0.681, 0.680, 0.776
0.673, 0.676, 0.772
0.680, 0.672, 0.777
0.697, 0.675, 0.786
0.677, 0.669, 0.782
0.687, 0.668, 0.786
0.703, 0.663, 0.782
0.669, 0.665, 0.770
0.671, 0.680, 0.775
0.673, 0.673, 0.770
0.696, 0.677, 0.750
0.671, 0.695, 0.757
0.675, 0.680, 0.757
0.663, 0.686, 0.760
0.665, 0.691, 0.757
0.661, 0.681, 0.779
0.674, 0.682, 0.761
0.683, 0.683, 0.772
0.677, 0.686, 0.766
0.681, 0.657, 0.770
0.677, 0.675, 0.776
0.671, 0.676, 0.773
0.674, 0.662, 0.788
0.675, 0.667, 0.774
0.682, 0.672, 0.773
0.669, 0.674, 0.768
0.660, 0.679, 0.775
0.661, 0.666, 0.769
0.667, 0.673, 0.778
0.647, 0.677, 0.771
0.678, 0.668, 0.769
0.673, 0.669, 0.766
0.659, 0.687, 0.775
0.661, 0.659, 0.777
0.672, 0.674, 0.766
0.671, 0.673, 0.771
0.681, 0.680, 0.761
0.667, 0.675, 0.767
0.667, 0.689, 0.761
0.666, 0.696, 0.761
0.670, 0.678, 0.765
0.675, 0.676, 0.761
0.666, 0.696, 0.760
0.684, 0.683, 0.758
0.658, 0.692, 0.766
0.684, 0.693, 0.756
0.677, 0.685, 0.770
0.677, 0.671, 0.763
0.681, 0.674, 0.769
0.669, 0.674, 0.773
0.661, 0.675, 0.775
0.668, 0.663, 0.785
0.689, 0.660, 0.789
0.673, 0.656, 0.783
0.663, 0.654, 0.791
0.671, 0.656, 0.814
0.675, 0.666, 0.788
0.665, 0.662, 0.794
0.676, 0.673, 0.782
0.671, 0.674, 0.782
0.667, 0.680, 0.781
0.668, 0.678, 0.773
0.669, 0.666, 0.757
0.658, 0.680, 0.757
0.668, 0.688, 0.782
0.678, 0.689, 0.771
0.669, 0.684, 0.770
0.678, 0.677, 0.781
0.662, 0.674, 0.770
0.686, 0.684, 0.755
0.671, 0.681, 0.754
0.679, 0.685, 0.750
0.684, 0.696, 0.759
0.656, 0.687, 0.758
0.666, 0.704, 0.756
0.662, 0.702, 0.759
0.665, 0.700, 0.759
0.665, 0.691, 0.770
0.678, 0.676, 0.779
0.673, 0.672, 0.793
0.660, 0.656, 0.792
0.673, 0.651, 0.804
0.657, 0.656, 0.803
0.670, 0.645, 0.785
0.660, 0.662, 0.786
0.668, 0.664, 0.787
0.652, 0.663, 0.785
0.645, 0.657, 0.781
0.648, 0.675, 0.769
0.650, 0.697, 0.766
0.648, 0.675, 0.757
0.650, 0.676, 0.765
0.660, 0.686, 0.773
0.648, 0.677, 0.766
0.673, 0.690, 0.769
0.664, 0.698, 0.754
0.668, 0.680, 0.755
0.674, 0.676, 0.753
0.672, 0.693, 0.755
0.661, 0.687, 0.765
0.678, 0.699, 0.762
0.664, 0.682, 0.767
0.682, 0.685, 0.765
0.661, 0.679, 0.766
0.666, 0.665, 0.780
0.673, 0.670, 0.794
0.677, 0.653, 0.794
0.687, 0.641, 0.803
0.667, 0.661, 0.807
0.678, 0.643, 0.805
0.671, 0.647, 0.806
0.661, 0.646, 0.807
0.655, 0.660, 0.801
0.655, 0.650, 0.793
0.649, 0.652, 0.791
0.642, 0.678, 0.784
0.656, 0.672, 0.795
0.653, 0.681, 0.772
0.662, 0.660, 0.776
0.661, 0.694, 0.771
0.655, 0.688, 0.769
0.659, 0.690, 0.750
0.678, 0.714, 0.740
0.673, 0.707, 0.727
0.668, 0.722, 0.736
0.669, 0.722, 0.733
0.674, 0.735, 0.734
0.666, 0.735, 0.730
0.668, 0.698, 0.750
0.678, 0.695, 0.760
0.671, 0.673, 0.785
0.676, 0.661, 0.795
0.690, 0.669, 0.813
0.683, 0.647, 0.810
0.679, 0.635, 0.814
0.657, 0.624, 0.818
0.650, 0.633, 0.821
0.646, 0.646, 0.804
0.650, 0.653, 0.798
0.648, 0.670, 0.783
0.656, 0.665, 0.788
0.649, 0.684, 0.775
0.638, 0.679, 0.764
0.650, 0.693, 0.756
0.648, 0.709, 0.757
0.651, 0.702, 0.749
0.659, 0.705, 0.749
0.661, 0.702, 0.734
0.680, 0.720, 0.746
0.667, 0.721, 0.737
0.676, 0.723, 0.740
0.684, 0.716, 0.745
0.696, 0.704, 0.753
0.695, 0.696, 0.758
0.686, 0.696, 0.771
0.693, 0.680, 0.786
0.699, 0.662, 0.796
0.676, 0.662, 0.806
0.680, 0.642, 0.818
0.673, 0.630, 0.819
0.692, 0.628, 0.816
0.667, 0.627, 0.826
0.670, 0.626, 0.823
0.655, 0.642, 0.818
0.671, 0.643, 0.811
0.652, 0.646, 0.811
0.669, 0.653, 0.805
0.655, 0.676, 0.795
0.671, 0.663, 0.779
0.659, 0.696, 0.775
0.655, 0.698, 0.750
0.669, 0.706, 0.756
0.668, 0.703, 0.751
0.683, 0.709, 0.739
0.686, 0.719, 0.731
0.709, 0.730, 0.725
0.686, 0.736, 0.732
0.686, 0.739, 0.730
0.709, 0.711, 0.749
0.678, 0.715, 0.742
0.684, 0.706, 0.761
0.697, 0.687, 0.793
0.692, 0.665, 0.797
0.692, 0.659, 0.820
0.669, 0.642, 0.836
0.684, 0.617, 0.842
0.701, 0.625, 0.840
0.674, 0.635, 0.826
0.661, 0.640, 0.822
0.643, 0.646, 0.824
0.642, 0.647, 0.804
0.650, 0.655, 0.788
0.672, 0.681, 0.784
0.645, 0.688, 0.775
0.646, 0.694, 0.758
0.657, 0.701, 0.776
0.675, 0.696, 0.769
0.669, 0.701, 0.743
0.681, 0.722, 0.739
0.691, 0.727, 0.735
0.692, 0.713, 0.740
0.676, 0.725, 0.744
0.684, 0.707, 0.734
0.685, 0.727, 0.755
0.692, 0.709, 0.763
0.707, 0.701, 0.778
0.698, 0.682, 0.777
0.677, 0.665, 0.807
0.708, 0.664, 0.809
0.711, 0.662, 0.811
0.692, 0.640, 0.807
0.690, 0.640, 0.821
0.685, 0.638, 0.810
0.666, 0.632, 0.824
0.665, 0.640, 0.820
0.656, 0.647, 0.818
0.668, 0.642, 0.817
0.658, 0.657, 0.819
0.662, 0.643, 0.827
0.662, 0.635, 0.819
0.668, 0.642, 0.799
0.649, 0.654, 0.803
0.643, 0.675, 0.785
0.649, 0.671, 0.781
0.660, 0.672, 0.763
0.658, 0.689, 0.769
0.654, 0.687, 0.761
0.657, 0.706, 0.760
0.661, 0.711, 0.743
0.675, 0.708, 0.748
0.665, 0.715, 0.744
0.682, 0.717, 0.728
0.683, 0.710, 0.728
0.677, 0.722, 0.730
0.697, 0.711, 0.744
0.686, 0.716, 0.757
0.685, 0.689, 0.766
0.692, 0.677, 0.784
0.698, 0.662, 0.800
0.691, 0.654, 0.803
0.686, 0.641, 0.819
0.690, 0.629, 0.823
0.674, 0.631, 0.835
0.652, 0.629, 0.832
0.653, 0.632, 0.833
0.653, 0.628, 0.836
0.644, 0.636, 0.825
0.636, 0.641, 0.821
0.644, 0.653, 0.815
0.663, 0.661, 0.793
0.639, 0.659, 0.784
0.637, 0.686, 0.766
0.651, 0.712, 0.758
0.648, 0.696, 0.764
0.647, 0.704, 0.752
0.680, 0.704, 0.752
0.671, 0.716, 0.734
0.670, 0.725, 0.740
0.666, 0.718, 0.745
0.665, 0.715, 0.729
0.683, 0.704, 0.752
0.678, 0.711, 0.755
0.691, 0.706, 0.755
0.689, 0.687, 0.773
0.705, 0.683, 0.781
0.690, 0.663, 0.774
0.692, 0.666, 0.790
0.683, 0.669, 0.798
0.682, 0.653, 0.809
0.692, 0.647, 0.822
0.669, 0.623, 0.834
0.684, 0.618, 0.833
0.666, 0.615, 0.830
0.672, 0.616, 0.837
0.666, 0.627, 0.836
0.651, 0.625, 0.848
0.645, 0.617, 0.824
0.649, 0.648, 0.820
0.654, 0.661, 0.812
0.646, 0.657, 0.806
0.650, 0.655, 0.792
0.659, 0.668, 0.790
0.660, 0.676, 0.779
0.663, 0.687, 0.773
0.664, 0.684, 0.779
0.660, 0.694, 0.755
0.681, 0.697, 0.749
0.678, 0.714, 0.752
0.660, 0.700, 0.735
0.677, 0.716, 0.747
0.680, 0.711, 0.744
0.681, 0.708, 0.750
0.686, 0.709, 0.749
0.684, 0.685, 0.756
0.690, 0.693, 0.777
0.676, 0.677, 0.784
0.696, 0.656, 0.794
0.679, 0.652, 0.812
0.673, 0.656, 0.809
0.668, 0.641, 0.817
0.666, 0.654, 0.825
0.674, 0.624, 0.823
0.654, 0.630, 0.839
0.656, 0.631, 0.844
0.652, 0.635, 0.833
0.649, 0.636, 0.831
0.653, 0.640, 0.807
0.648, 0.638, 0.799
0.652, 0.671, 0.791
0.646, 0.670, 0.784
0.648, 0.681, 0.780
0.655, 0.688, 0.779
0.660, 0.682, 0.766
0.645, 0.707, 0.749
0.668, 0.706, 0.767
0.679, 0.708, 0.757
0.684, 0.692, 0.743
0.661, 0.701, 0.753
0.679, 0.709, 0.753
0.691, 0.717, 0.762
0.691, 0.691, 0.759
0.710, 0.692, 0.761
0.679, 0.685, 0.766
0.690, 0.702, 0.770
0.666, 0.681, 0.790
0.686, 0.676, 0.779
0.687, 0.651, 0.812
0.688, 0.670, 0.806
0.683, 0.651, 0.815
0.695, 0.628, 0.810
0.677, 0.650, 0.820
0.669, 0.633, 0.828
0.666, 0.635, 0.826
0.662, 0.648, 0.834
0.669, 0.629, 0.828
0.646, 0.647, 0.815
0.657, 0.653, 0.810
0.664, 0.644, 0.807
0.646, 0.656, 0.810
0.646, 0.651, 0.798
0.659, 0.667, 0.796
0.675, 0.668, 0.791
0.658, 0.656, 0.787
0.669, 0.676, 0.770
0.669, 0.678, 0.772
0.660, 0.686, 0.774
0.677, 0.680, 0.759
0.664, 0.701, 0.765
0.660, 0.683, 0.757
0.669, 0.685, 0.765
0.672, 0.691, 0.775
0.677, 0.683, 0.765
0.673, 0.700, 0.779
0.681, 0.676, 0.778
0.685, 0.673, 0.780
0.688, 0.661, 0.775
0.666, 0.658, 0.782
0.654, 0.682, 0.787
0.671, 0.671, 0.794
0.676, 0.671, 0.795
0.671, 0.654, 0.805
0.666, 0.648, 0.805
0.656, 0.659, 0.811
0.651, 0.643, 0.798
0.656, 0.647, 0.801
0.651, 0.649, 0.809
0.655, 0.648, 0.799
0.633, 0.669, 0.799
0.660, 0.662, 0.799
0.659, 0.670, 0.790
0.659, 0.667, 0.783
0.651, 0.660, 0.786
0.657, 0.684, 0.770
0.666, 0.682, 0.768
0.654, 0.681, 0.785
0.645, 0.677, 0.756
0.649, 0.663, 0.774
0.663, 0.678, 0.775
0.652, 0.675, 0.768
0.671, 0.681, 0.774
0.667, 0.681, 0.773
0.661, 0.658, 0.783
0.665, 0.686, 0.781
0.671, 0.690, 0.775
0.672, 0.673, 0.795
0.654, 0.673, 0.789
0.682, 0.681, 0.789
0.683, 0.662, 0.793
0.666, 0.660, 0.788
0.666, 0.662, 0.803
0.684, 0.667, 0.801
0.663, 0.650, 0.823
0.670, 0.643, 0.811
0.677, 0.650, 0.815
0.679, 0.637, 0.805
0.679, 0.648, 0.818
0.667, 0.650, 0.813
0.676, 0.662, 0.812
0.646, 0.641, 0.810
0.663, 0.642, 0.808
0.648, 0.638, 0.815
0.650, 0.667, 0.798
0.649, 0.645, 0.812
0.643, 0.650, 0.823
0.680, 0.677, 0.785
0.665, 0.671, 0.797
0.645, 0.667, 0.805
0.666, 0.662, 0.805
0.669, 0.658, 0.802
0.658, 0.676, 0.778
0.668, 0.694, 0.786
0.671, 0.697, 0.777
0.670, 0.680, 0.785
0.686, 0.683, 0.786
0.683, 0.672, 0.775
0.679, 0.678, 0.789
0.665, 0.681, 0.780
0.673, 0.684, 0.782
0.674, 0.660, 0.807
0.668, 0.643, 0.800
0.662, 0.652, 0.803
0.670, 0.647, 0.817
0.651, 0.645, 0.824
0.640, 0.650, 0.813
0.655, 0.629, 0.823
0.660, 0.638, 0.825
0.653, 0.667, 0.811
0.648, 0.670, 0.816
0.637, 0.654, 0.823
0.660, 0.660, 0.808
0.641, 0.639, 0.810
0.659, 0.662, 0.782
0.645, 0.653, 0.791
0.666, 0.668, 0.784
0.651, 0.679, 0.787
0.655, 0.684, 0.768
0.647, 0.688, 0.775
0.657, 0.679, 0.789
0.676, 0.690, 0.765
0.669, 0.694, 0.777
0.675, 0.671, 0.789
0.671, 0.663, 0.791
0.670, 0.696, 0.775
0.658, 0.689, 0.779
0.653, 0.662, 0.795
0.661, 0.658, 0.819
0.690, 0.657, 0.814
0.688, 0.635, 0.812
0.667, 0.651, 0.820
0.670, 0.621, 0.819
0.652, 0.647, 0.823
0.655, 0.653, 0.816
0.653, 0.639, 0.821
0.656, 0.646, 0.830
0.641, 0.624, 0.843
0.648, 0.613, 0.824
0.631, 0.640, 0.821
0.640, 0.648, 0.813
0.644, 0.661, 0.798
0.648, 0.666, 0.788
0.638, 0.676, 0.794
0.648, 0.653, 0.790
0.651, 0.683, 0.783
0.669, 0.661, 0.777
0.654, 0.691, 0.784
0.644, 0.681, 0.789
0.654, 0.683, 0.785
0.660, 0.678, 0.773
0.661, 0.677, 0.781
0.664, 0.677, 0.788
0.666, 0.671, 0.809
0.666, 0.671, 0.801
0.681, 0.656, 0.815
0.671, 0.645, 0.817
0.673, 0.650, 0.814
0.642, 0.637, 0.808
0.655, 0.646, 0.829
0.642, 0.625, 0.829
0.657, 0.640, 0.832
0.643, 0.625, 0.842
0.631, 0.637, 0.843
0.631, 0.635, 0.814
0.637, 0.639, 0.816
0.623, 0.646, 0.814
0.644, 0.643, 0.814
0.642, 0.670, 0.807
0.632, 0.666, 0.791
0.641, 0.664, 0.782
0.645, 0.663, 0.790
0.635, 0.674, 0.784
0.653, 0.679, 0.780
0.676, 0.670, 0.794
0.666, 0.690, 0.789
0.661, 0.682, 0.794
0.663, 0.673, 0.797
0.676, 0.662, 0.815
0.667, 0.652, 0.813
0.669, 0.638, 0.826
0.671, 0.650, 0.831
0.649, 0.631, 0.845
0.679, 0.639, 0.832
0.655, 0.614, 0.851
0.646, 0.598, 0.849
0.648, 0.635, 0.835
0.640, 0.626, 0.828
0.619, 0.653, 0.868
0.628, 0.637, 0.853
0.666, 0.622, 0.828
0.643, 0.621, 0.832
0.658, 0.637, 0.821
0.634, 0.650, 0.821
0.649, 0.667, 0.808
0.658, 0.678, 0.804
0.649, 0.658, 0.785
0.648, 0.648, 0.823
0.666, 0.657, 0.798
0.652, 0.661, 0.797
0.661, 0.658, 0.806
0.670, 0.658, 0.786
0.654, 0.693, 0.777
0.637, 0.657, 0.797
0.652, 0.644, 0.831
0.672, 0.631, 0.830
0.645, 0.651, 0.817
0.665, 0.636, 0.825
0.656, 0.639, 0.824
0.652, 0.645, 0.835
0.649, 0.645, 0.846
0.652, 0.656, 0.839
0.640, 0.629, 0.848
0.663, 0.615, 0.833
0.662, 0.633, 0.822
0.651, 0.647, 0.818
0.601, 0.643, 0.837
0.627, 0.671, 0.819
0.632, 0.677, 0.818
0.634, 0.663, 0.857
0.636, 0.650, 0.839
0.654, 0.665, 0.809
0.670, 0.651, 0.818
0.659, 0.663, 0.817
0.654, 0.682, 0.797
0.649, 0.689, 0.799
0.641, 0.671, 0.825
0.668, 0.638, 0.838
0.662, 0.655, 0.820
0.685, 0.647, 0.816
0.647, 0.642, 0.846
0.650, 0.639, 0.835
0.634, 0.663, 0.800
0.641, 0.677, 0.844
0.651, 0.637, 0.888
0.656, 0.626, 0.859
0.666, 0.638, 0.830
0.653, 0.633, 0.862
0.649, 0.615, 0.864
0.623, 0.655, 0.845
0.634, 0.676, 0.802
0.643, 0.662, 0.842
0.638, 0.631, 0.874
0.640, 0.652, 0.847
0.647, 0.661, 0.816
0.657, 0.633, 0.844
0.648, 0.643, 0.850
0.637, 0.651, 0.810
0.647, 0.663, 0.795
0.644, 0.659, 0.838
0.634, 0.650, 0.856
0.651, 0.645, 0.855
0.648, 0.652, 0.829
0.674, 0.636, 0.835
0.663, 0.641, 0.844
0.644, 0.636, 0.821
0.621, 0.668, 0.808
0.655, 0.683, 0.830
0.655, 0.650, 0.886
0.647, 0.623, 0.873
0.685, 0.653, 0.828
0.642, 0.642, 0.830
0.648, 0.645, 0.848
0.633, 0.628, 0.851
0.634, 0.673, 0.829
0.647, 0.679, 0.816
0.656, 0.642, 0.869
0.654, 0.638, 0.843
0.639, 0.660, 0.834
0.634, 0.642, 0.824
0.645, 0.622, 0.832
0.638, 0.647, 0.833
0.637, 0.656, 0.816
0.653, 0.700, 0.820
0.655, 0.646, 0.864
0.648, 0.637, 0.846
0.652, 0.650, 0.815
0.652, 0.638, 0.832
0.648, 0.637, 0.869
0.638, 0.656, 0.818
0.633, 0.698, 0.801
0.641, 0.667, 0.844
0.664, 0.630, 0.905
0.673, 0.635, 0.830
0.669, 0.650, 0.833
0.660, 0.632, 0.865
0.642, 0.625, 0.876
0.643, 0.651, 0.814
0.628, 0.713, 0.805
0.646, 0.656, 0.879
0.667, 0.621, 0.908
0.674, 0.629, 0.861
0.665, 0.635, 0.831
0.657, 0.621, 0.857
0.629, 0.610, 0.883
0.647, 0.650, 0.818
0.642, 0.699, 0.775
0.638, 0.680, 0.826
0.635, 0.643, 0.906
0.653, 0.630, 0.866
0.668, 0.653, 0.830
0.667, 0.645, 0.832
0.654, 0.625, 0.872
0.622, 0.653, 0.860
0.621, 0.687, 0.788
0.645, 0.722, 0.795
0.628, 0.642, 0.920
0.659, 0.632, 0.932
0.676, 0.648, 0.817
0.660, 0.667, 0.798
0.661, 0.611, 0.876
0.627, 0.600, 0.924
0.632, 0.658, 0.800
0.611, 0.736, 0.754
0.637, 0.700, 0.886
0.644, 0.582, 0.960
0.668, 0.624, 0.856
0.664, 0.692, 0.793
0.656, 0.663, 0.865
0.626, 0.587, 0.950
0.627, 0.625, 0.863
0.626, 0.718, 0.746
0.645, 0.717, 0.833
0.652, 0.633, 0.957
0.649, 0.612, 0.889
0.671, 0.668, 0.804
0.647, 0.674, 0.827
0.658, 0.632, 0.904
0.651, 0.603, 0.903
0.652, 0.655, 0.805
0.625, 0.741, 0.777
0.639, 0.697, 0.864
0.681, 0.626, 0.919
0.664, 0.630, 0.874
0.699, 0.651, 0.818
0.706, 0.666, 0.839
0.651, 0.615, 0.885
0.641, 0.630, 0.839
0.641, 0.694, 0.798
0.652, 0.703, 0.793
0.638, 0.666, 0.868
0.655, 0.619, 0.909
0.678, 0.594, 0.871
0.678, 0.656, 0.818
0.671, 0.647, 0.817
0.624, 0.657, 0.835
0.650, 0.635, 0.835
0.629, 0.692, 0.779
0.636, 0.726, 0.778
0.649, 0.697, 0.836
0.674, 0.639, 0.849
0.682, 0.641, 0.844
0.651, 0.682, 0.803
0.689, 0.662, 0.801
0.665, 0.662, 0.829
0.644, 0.634, 0.832
0.633, 0.684, 0.795
0.637, 0.710, 0.772
0.653, 0.705, 0.815
0.642, 0.626, 0.872
0.653, 0.642, 0.845
0.656, 0.646, 0.793
0.674, 0.668, 0.807
0.657, 0.644, 0.820
0.647, 0.637, 0.836
0.632, 0.675, 0.800
0.623, 0.709, 0.777
0.639, 0.672, 0.845
0.656, 0.652, 0.881
0.654, 0.650, 0.845
0.680, 0.676, 0.800
0.638, 0.669, 0.800
0.656, 0.650, 0.868
0.662, 0.640, 0.858
0.635, 0.697, 0.786
0.662, 0.747, 0.760
0.654, 0.703, 0.853
0.677, 0.624, 0.906
0.683, 0.650, 0.852
0.668, 0.678, 0.787
0.677, 0.667, 0.821
0.673, 0.631, 0.867
0.679, 0.643, 0.862
0.651, 0.697, 0.794
0.649, 0.713, 0.778
0.655, 0.680, 0.845
0.651, 0.628, 0.881
0.646, 0.625, 0.863
0.686, 0.649, 0.816
0.676, 0.654, 0.814
0.667, 0.669, 0.842
0.669, 0.637, 0.826
0.663, 0.684, 0.795
0.677, 0.703, 0.784
0.660, 0.694, 0.799
0.655, 0.676, 0.845
0.657, 0.634, 0.859
0.670, 0.643, 0.815
0.682, 0.678, 0.797
0.684, 0.675, 0.794
0.639, 0.663, 0.817
0.669, 0.666, 0.815
0.647, 0.673, 0.803
0.674, 0.687, 0.785
0.655, 0.692, 0.806
0.651, 0.666, 0.825
0.657, 0.644, 0.843
0.670, 0.662, 0.810
0.669, 0.652, 0.809
0.641, 0.662, 0.803
0.665, 0.641, 0.824
0.641, 0.645, 0.806
0.644, 0.673, 0.797
0.626, 0.697, 0.786
0.630, 0.682, 0.794
0.653, 0.673, 0.827
0.668, 0.661, 0.828
0.679, 0.669, 0.796
0.654, 0.677, 0.787
0.634, 0.668, 0.814
0.663, 0.654, 0.826
0.649, 0.659, 0.805
0.654, 0.688, 0.791
0.628, 0.689, 0.796
0.670, 0.664, 0.822
0.656, 0.641, 0.856
0.672, 0.651, 0.811
0.675, 0.667, 0.801
0.678, 0.662, 0.805
0.666, 0.663, 0.813
0.640, 0.655, 0.827
0.641, 0.652, 0.824
0.637, 0.669, 0.794
0.661, 0.687, 0.796
0.653, 0.665, 0.830
0.658, 0.641, 0.856
0.682, 0.628, 0.831
0.664, 0.658, 0.812
0.680, 0.675, 0.818
0.670, 0.648, 0.825
0.639, 0.658, 0.826
0.646, 0.677, 0.809
0.660, 0.677, 0.795
0.646, 0.677, 0.809
0.660, 0.642, 0.847
0.670, 0.629, 0.831
0.661, 0.653, 0.820
0.682, 0.649, 0.806
0.671, 0.664, 0.798
0.677, 0.663, 0.823
0.647, 0.662, 0.821
0.664, 0.669, 0.803
0.668, 0.688, 0.789
0.649, 0.672, 0.802
0.635, 0.660, 0.834
0.664, 0.653, 0.846
0.666, 0.642, 0.825
0.669, 0.661, 0.805
0.672, 0.677, 0.811
0.675, 0.658, 0.811
0.661, 0.673, 0.812
0.648, 0.671, 0.805
0.641, 0.685, 0.788
0.635, 0.679, 0.824
0.658, 0.632, 0.838
0.655, 0.631, 0.840
0.672, 0.645, 0.821
0.678, 0.666, 0.804
0.656, 0.644, 0.809
0.649, 0.655, 0.820
0.646, 0.665, 0.814
0.652, 0.681, 0.797
0.665, 0.687, 0.795
0.658, 0.659, 0.823
0.666, 0.632, 0.834
0.656, 0.646, 0.818
0.690, 0.670, 0.824
0.664, 0.651, 0.817
0.672, 0.636, 0.827
0.654, 0.647, 0.822
0.676, 0.665, 0.809
0.673, 0.674, 0.814
0.676, 0.681, 0.811
0.652, 0.649, 0.818
0.652, 0.634, 0.818
0.657, 0.647, 0.817
0.664, 0.660, 0.820
0.639, 0.655, 0.807
0.659, 0.660, 0.822
0.647, 0.658, 0.812
0.647, 0.655, 0.808
0.648, 0.664, 0.816
0.649, 0.649, 0.812
0.650, 0.645, 0.806
0.653, 0.639, 0.815
0.661, 0.650, 0.811
0.645, 0.638, 0.806
0.655, 0.663, 0.801
0.644, 0.664, 0.808
0.656, 0.656, 0.821
0.639, 0.670, 0.805
0.648, 0.685, 0.801
0.645, 0.687, 0.803
0.666, 0.662, 0.834
0.653, 0.639, 0.836
0.662, 0.657, 0.842
0.675, 0.642, 0.822
0.675, 0.637, 0.813
0.643, 0.654, 0.824
0.662, 0.667, 0.810
0.649, 0.671, 0.795
0.638, 0.699, 0.818
0.650, 0.681, 0.828
0.667, 0.655, 0.848
0.674, 0.646, 0.844
0.689, 0.635, 0.824
0.659, 0.657, 0.817
0.674, 0.656, 0.820
0.671, 0.652, 0.836
0.644, 0.632, 0.821
0.643, 0.667, 0.805
0.653, 0.681, 0.822
0.634, 0.647, 0.841
0.658, 0.628, 0.844
0.655, 0.646, 0.855
0.664, 0.645, 0.816
0.660, 0.659, 0.822
0.680, 0.647, 0.851
0.649, 0.639, 0.836
0.647, 0.671, 0.803
0.659, 0.676, 0.795
0.660, 0.678, 0.826
0.653, 0.640, 0.873
0.663, 0.626, 0.852
0.661, 0.641, 0.825
0.701, 0.651, 0.807
0.655, 0.653, 0.824
0.650, 0.652, 0.845
0.648, 0.640, 0.826
0.647, 0.678, 0.798
0.650, 0.685, 0.812
0.648, 0.660, 0.841
0.652, 0.662, 0.859
0.657, 0.638, 0.861
0.652, 0.651, 0.836
0.655, 0.642, 0.823
0.671, 0.650, 0.840
0.656, 0.647, 0.845
0.627, 0.630, 0.839
0.651, 0.662, 0.798
0.638, 0.677, 0.788
0.643, 0.667, 0.822
0.656, 0.637, 0.860
0.655, 0.628, 0.848
0.653, 0.658, 0.822
0.662, 0.664, 0.804
0.651, 0.649, 0.845
0.646, 0.622, 0.869
0.637, 0.648, 0.820
0.649, 0.691, 0.792
0.624, 0.682, 0.808
0.667, 0.665, 0.848
0.657, 0.612, 0.903
0.672, 0.610, 0.879
0.690, 0.636, 0.829
0.686, 0.642, 0.803
0.654, 0.635, 0.839
0.633, 0.641, 0.865
0.637, 0.621, 0.835
0.655, 0.668, 0.812
0.629, 0.703, 0.791
0.628, 0.669, 0.831
0.665, 0.642, 0.865
0.664, 0.634, 0.864
0.668, 0.646, 0.825
0.669, 0.654, 0.820
0.661, 0.648, 0.832
0.652, 0.622, 0.850
0.644, 0.630, 0.845
0.618, 0.677, 0.802
0.638, 0.676, 0.801
0.660, 0.687, 0.832
0.670, 0.623, 0.893
0.677, 0.608, 0.885
0.673, 0.630, 0.836
0.673, 0.644, 0.821
0.640, 0.653, 0.836
0.652, 0.637, 0.871
0.636, 0.623, 0.848
0.625, 0.654, 0.824
0.649, 0.692, 0.785
0.638, 0.675, 0.813
0.643, 0.655, 0.854
0.657, 0.639, 0.890
0.663, 0.645, 0.845
0.651, 0.655, 0.810
0.664, 0.654, 0.808
0.665, 0.649, 0.848
0.640, 0.648, 0.839
0.628, 0.663, 0.832
0.663, 0.668, 0.807
0.651, 0.668, 0.802
0.675, 0.675, 0.862
0.648, 0.631, 0.884
0.641, 0.637, 0.860
0.677, 0.629, 0.851
0.657, 0.622, 0.838
0.638, 0.634, 0.850
0.662, 0.619, 0.844
0.628, 0.640, 0.842
0.633, 0.669, 0.815
0.650, 0.671, 0.825
0.637, 0.650, 0.856
0.633, 0.627, 0.874
0.658, 0.622, 0.853
0.656, 0.654, 0.827
0.670, 0.658, 0.809
0.660, 0.644, 0.814
0.671, 0.642, 0.838
0.647, 0.672, 0.815
0.620, 0.687, 0.803
0.632, 0.676, 0.820
0.659, 0.646, 0.873
0.658, 0.631, 0.877
0.643, 0.601, 0.865
0.664, 0.636, 0.817
0.646, 0.627, 0.855
0.655, 0.641, 0.843
0.652, 0.620, 0.849
0.624, 0.632, 0.843
0.652, 0.668, 0.813
0.618, 0.705, 0.794
0.626, 0.661, 0.836
0.661, 0.656, 0.864
0.656, 0.610, 0.888
0.674, 0.637, 0.859
0.652, 0.646, 0.824
0.678, 0.666, 0.819
0.642, 0.652, 0.827
0.644, 0.648, 0.838
0.631, 0.661, 0.833
0.633, 0.702, 0.806
0.649, 0.672, 0.823
0.656, 0.651, 0.889
0.681, 0.613, 0.883
0.667, 0.625, 0.876
0.675, 0.639, 0.833
0.675, 0.650, 0.821
0.659, 0.639, 0.856
0.640, 0.632, 0.874
0.631, 0.632, 0.864
0.626, 0.653, 0.825
0.646, 0.685, 0.799
0.632, 0.676, 0.842
0.643, 0.636, 0.882
0.654, 0.613, 0.876
0.670, 0.619, 0.851
0.672, 0.640, 0.810
0.671, 0.665, 0.806
0.640, 0.639, 0.827
0.632, 0.647, 0.845
0.630, 0.652, 0.815
0.632, 0.715, 0.788
0.621, 0.690, 0.799
0.639, 0.663, 0.874
0.672, 0.616, 0.928
0.689, 0.598, 0.883
0.664, 0.642, 0.840
0.640, 0.664, 0.819
0.642, 0.640, 0.830
0.628, 0.624, 0.871
0.645, 0.639, 0.855
0.639, 0.671, 0.808
0.628, 0.699, 0.785
0.653, 0.693, 0.816
0.649, 0.648, 0.878
0.658, 0.618, 0.909
0.663, 0.653, 0.840
0.666, 0.653, 0.805
0.667, 0.674, 0.805
0.649, 0.641, 0.841
0.618, 0.640, 0.871
0.662, 0.665, 0.814
0.631, 0.713, 0.807
0.637, 0.698, 0.821
0.657, 0.641, 0.854
0.659, 0.604, 0.889
0.675, 0.622, 0.873
0.657, 0.630, 0.833
0.682, 0.649, 0.822
0.656, 0.634, 0.848
0.636, 0.634, 0.869
0.641, 0.647, 0.849
0.639, 0.681, 0.809
0.653, 0.676, 0.803
0.661, 0.663, 0.822
0.662, 0.647, 0.863
0.646, 0.665, 0.860
0.665, 0.648, 0.834
0.661, 0.662, 0.812
0.659, 0.659, 0.819
0.649, 0.648, 0.838
0.643, 0.637, 0.831
0.638, 0.678, 0.807
0.645, 0.701, 0.801
0.664, 0.681, 0.823
0.655, 0.658, 0.858
0.666, 0.644, 0.854
0.669, 0.637, 0.846
0.675, 0.659, 0.828
0.659, 0.655, 0.827
0.645, 0.649, 0.836
0.629, 0.649, 0.844
0.640, 0.661, 0.827
0.641, 0.670, 0.819
0.652, 0.680, 0.797
0.646, 0.672, 0.846
0.680, 0.649, 0.856
0.673, 0.643, 0.845
0.672, 0.654, 0.828
0.664, 0.667, 0.820
0.650, 0.655, 0.817
0.655, 0.653, 0.828
0.650, 0.659, 0.816
0.644, 0.685, 0.809
0.640, 0.689, 0.796
0.663, 0.676, 0.807
0.650, 0.668, 0.863
0.672, 0.652, 0.872
0.658, 0.637, 0.846
0.659, 0.658, 0.835
0.681, 0.649, 0.828
0.661, 0.657, 0.843
0.647, 0.642, 0.850
0.643, 0.665, 0.839
0.643, 0.662, 0.809
0.652, 0.684, 0.806
0.629, 0.644, 0.849
0.655, 0.613, 0.874
0.670, 0.624, 0.844
0.670, 0.648, 0.824
0.655, 0.652, 0.815
0.650, 0.654, 0.828
0.683, 0.670, 0.845
0.643, 0.668, 0.814
0.643, 0.669, 0.812
0.650, 0.681, 0.809
0.677, 0.681, 0.818
0.662, 0.671, 0.835
0.679, 0.640, 0.850
0.662, 0.652, 0.830
0.671, 0.653, 0.821
0.645, 0.670, 0.830
0.653, 0.645, 0.823
0.674, 0.652, 0.814
0.656, 0.653, 0.816
0.631, 0.675, 0.804
0.643, 0.661, 0.799
0.632, 0.668, 0.821
0.654, 0.655, 0.831
0.656, 0.643, 0.848
0.690, 0.657, 0.808
0.644, 0.659, 0.807
0.659, 0.654, 0.811
0.641, 0.643, 0.820
0.661, 0.681, 0.820
0.639, 0.680, 0.813
0.656, 0.679, 0.812
0.646, 0.660, 0.819
0.669, 0.632, 0.853
0.656, 0.650, 0.842
0.667, 0.611, 0.832
0.660, 0.631, 0.816
0.666, 0.653, 0.821
0.646, 0.657, 0.823
0.647, 0.649, 0.829
0.632, 0.643, 0.830
0.664, 0.659, 0.818
0.645, 0.655, 0.815
0.668, 0.660, 0.833
0.633, 0.656, 0.848
0.672, 0.640, 0.848
0.679, 0.657, 0.822
0.658, 0.666, 0.826
0.671, 0.655, 0.821
0.651, 0.643, 0.832
0.636, 0.652, 0.823
0.638, 0.657, 0.806
0.663, 0.656, 0.818
0.678, 0.665, 0.818
0.669, 0.654, 0.819
0.662, 0.661, 0.824
0.664, 0.680, 0.824
0.664, 0.652, 0.808
0.644, 0.659, 0.822
0.664, 0.671, 0.820
0.649, 0.662, 0.816
0.648, 0.650, 0.809
0.657, 0.657, 0.827
