0.708, 0.696, 0.690, 0.172, 0.000, 0.000
0.590, 0.700, 0.687, 1.000, 0.000
0.456, 0.710, 0.678, 1.000, 0.000
0.281, 0.736, 0.653, 1.000, 0.000
0.120, 0.784, 0.621, 1.000, 0.000
0.051, 0.840, 0.603, 1.000, 0.000
0.042, 0.847, 0.607, 1.000, 0.000
0.056, 0.840, 0.623, 1.000, 0.000
0.076, 0.818, 0.646, 1.000, 0.000
0.087, 0.788, 0.681, 1.000, 0.000
0.086, 0.734, 0.737, 1.000, 0.000
0.079, 0.661, 0.823, 1.000, 1.000
0.065, 0.589, 0.959, 1.000, 1.000
0.046, 0.491, 1.152, 1.000, 1.000
0.041, 0.416, 1.335, 1.000, 1.000
0.029, 0.374, 1.452, 1.000, 1.000
0.013, 0.333, 1.565, 1.000, 1.000
0.008, 0.304, 1.658, 1.000, 1.000
0.002, 0.266, 1.813, 1.000, 1.000
0.101, 0.364, 1.395, 0.953, 1.000
0.000, 0.464, 1.499, 1.000, 1.000
0.000, 0.504, 1.698, 1.000, 0.984
0.000, 0.452, 2.117, 1.000, 0.953
0.000, 0.182, 3.060, 1.000, 1.000
0.000, 0.036, 4.286, 1.000, 1.000
0.000, 0.010, 5.151, 1.000, 1.000
0.000, 0.006, 5.499, 1.000, 1.000
0.000, 0.005, 5.490, 1.000, 1.000
0.000, 0.006, 5.398, 1.000, 1.000
0.000, 0.006, 5.251, 1.000, 1.000
0.000, 0.007, 5.175, 1.000, 1.000
0.000, 0.008, 5.094, 1.000, 1.000
0.000, 0.008, 5.118, 1.000, 1.000
0.000, 0.008, 5.231, 1.000, 1.000
0.000, 0.008, 5.554, 1.000, 1.000
0.000, 0.007, 6.201, 1.000, 1.000
0.000, 0.003, 6.864, 1.000, 1.000
0.000, 0.003, 7.239, 1.000, 1.000
0.000, 0.003, 7.424, 1.000, 1.000
0.002, 0.009, 8.620, 1.000, 1.000
0.002, 0.001, 8.201, 1.000, 1.000
0.005, 0.200, 31.359, 1.000, 1.000
42.498, 0.008, 0.138, 0.000, 1.000
0.000, 3.719, 0.550, 1.000, 0.000
0.000, 0.535, 2.478, 1.000, 0.719
0.001, 0.085, 3.095, 1.000, 1.000
0.004, 0.079, 3.050, 1.000, 1.000
0.006, 0.100, 2.913, 1.000, 1.000
0.007, 0.112, 2.844, 1.000, 1.000
0.012, 0.118, 3.012, 1.000, 1.000
0.016, 0.073, 3.202, 1.000, 1.000
0.024, 0.065, 3.365, 1.000, 1.000
0.042, 0.059, 3.395, 1.000, 1.000
0.035, 0.058, 3.472, 1.000, 1.000
0.060, 0.061, 3.347, 1.000, 1.000
0.046, 0.059, 3.477, 1.000, 1.000
0.029, 0.046, 3.625, 1.000, 1.000
0.047, 0.044, 3.697, 0.969, 1.000
0.033, 0.044, 3.844, 1.000, 1.000
0.029, 0.034, 4.026, 1.000, 1.000
0.028, 0.031, 4.085, 1.000, 1.000
0.029, 0.034, 4.127, 1.000, 1.000
0.026, 0.031, 4.257, 1.000, 1.000
0.022, 0.029, 4.570, 1.000, 1.000
0.029, 0.022, 4.652, 1.000, 1.000
0.020, 0.017, 4.655, 1.000, 1.000
0.012, 0.015, 4.896, 1.000, 1.000
0.015, 0.016, 4.986, 1.000, 1.000
0.021, 0.017, 5.022, 1.000, 1.000
0.012, 0.018, 5.201, 1.000, 1.000
0.008, 0.029, 5.609, 1.000, 1.000
0.027, 0.031, 5.960, 0.984, 1.000
0.018, 0.015, 6.227, 1.000, 1.000
0.008, 0.015, 6.615, 1.000, 1.000
0.007, 0.005, 6.749, 1.000, 1.000
0.004, 0.003, 6.808, 1.000, 1.000
0.003, 0.002, 6.843, 1.000, 1.000
0.003, 0.002, 6.880, 1.000, 1.000
0.009, 0.002, 6.867, 1.000, 1.000
0.004, 0.002, 6.910, 1.000, 1.000
0.004, 0.002, 6.899, 1.000, 1.000
0.002, 0.005, 6.989, 1.000, 1.000
0.003, 0.017, 8.908, 1.000, 1.000
0.003, 0.003, 7.876, 1.000, 1.000
0.002, 1.342, 19.444, 1.000, 0.016
0.111, 0.000, 26.248, 0.984, 1.000
0.416, 0.000, 23.360, 0.891, 1.000
0.004, 0.000, 18.074, 1.000, 1.000
0.001, 0.000, 11.739, 1.000, 1.000
0.001, 0.009, 7.573, 1.000, 1.000
0.001, 0.012, 7.311, 1.000, 1.000
0.001, 0.001, 7.938, 1.000, 1.000
0.002, 0.001, 8.046, 1.000, 1.000
0.001, 0.001, 7.907, 1.000, 1.000
0.001, 0.000, 7.875, 1.000, 1.000
0.001, 0.000, 7.940, 1.000, 1.000
0.001, 0.000, 8.025, 1.000, 1.000
0.002, 0.000, 7.971, 1.000, 1.000
0.002, 0.000, 8.076, 1.000, 1.000
0.002, 0.000, 8.060, 1.000, 1.000
0.001, 0.000, 8.137, 1.000, 1.000
0.001, 0.000, 8.187, 1.000, 1.000
0.001, 0.000, 8.249, 1.000, 1.000
0.001, 0.000, 8.329, 1.000, 1.000
0.001, 0.000, 8.401, 1.000, 1.000
0.001, 0.000, 8.454, 1.000, 1.000
0.001, 0.000, 8.476, 1.000, 1.000
0.001, 0.000, 8.519, 1.000, 1.000
0.001, 0.000, 8.573, 1.000, 1.000
0.001, 0.000, 8.599, 1.000, 1.000
0.001, 0.000, 8.639, 1.000, 1.000
0.001, 0.000, 8.688, 1.000, 1.000
0.001, 0.000, 8.698, 1.000, 1.000
0.001, 0.000, 8.734, 1.000, 1.000
0.001, 0.000, 8.824, 1.000, 1.000
0.001, 0.000, 8.826, 1.000, 1.000
0.001, 0.000, 8.749, 1.000, 1.000
0.001, 0.000, 8.734, 1.000, 1.000
0.001, 0.000, 8.812, 1.000, 1.000
0.001, 0.000, 8.826, 1.000, 1.000
0.001, 0.000, 8.860, 1.000, 1.000
0.001, 0.000, 8.815, 1.000, 1.000
0.001, 0.000, 8.771, 1.000, 1.000
0.001, 0.000, 8.837, 1.000, 1.000
0.001, 0.000, 8.729, 1.000, 1.000
0.001, 0.000, 8.763, 1.000, 1.000
0.001, 0.000, 8.624, 1.000, 1.000
0.001, 0.000, 8.591, 1.000, 1.000
0.001, 0.000, 8.455, 1.000, 1.000
0.001, 0.000, 8.308, 1.000, 1.000
0.001, 0.000, 8.026, 1.000, 1.000
0.001, 0.001, 7.895, 1.000, 1.000
0.001, 0.002, 7.324, 1.000, 1.000
0.001, 0.004, 7.199, 1.000, 1.000
0.001, 0.011, 7.149, 1.000, 1.000
0.001, 0.057, 12.004, 1.000, 1.000
0.007, 0.000, 10.197, 1.000, 1.000
0.035, 0.022, 6.835, 0.984, 1.000
0.020, 0.023, 7.408, 1.000, 1.000
0.014, 0.003, 7.080, 1.000, 1.000
0.012, 0.005, 6.448, 1.000, 1.000
0.007, 0.004, 6.548, 1.000, 1.000
0.012, 0.003, 6.519, 1.000, 1.000
0.006, 0.003, 6.566, 1.000, 1.000
0.041, 0.009, 6.430, 0.984, 1.000
0.003, 0.006, 6.530, 1.000, 1.000
0.009, 0.024, 7.489, 1.000, 1.000
0.005, 0.014, 6.889, 1.000, 1.000
0.004, 0.054, 9.006, 1.000, 1.000
0.032, 0.001, 8.427, 0.984, 1.000
0.109, 0.046, 7.284, 0.984, 1.000
0.008, 0.201, 12.301, 1.000, 0.984
1.270, 5.399, 7.958, 0.406, 0.000
0.066, 0.000, 9.446, 1.000, 1.000
2.590, 0.430, 0.791, 0.000, 0.859
0.008, 0.860, 1.976, 1.000, 0.344
0.035, 0.089, 3.646, 1.000, 1.000
0.170, 0.040, 3.587, 0.984, 1.000
0.078, 0.050, 3.466, 1.000, 1.000
0.063, 0.045, 3.492, 1.000, 1.000
0.051, 0.046, 3.659, 1.000, 1.000
0.040, 0.039, 3.839, 1.000, 1.000
0.042, 0.036, 4.051, 1.000, 1.000
0.036, 0.025, 4.146, 1.000, 1.000
0.034, 0.027, 4.264, 0.984, 1.000
0.076, 0.033, 4.030, 0.969, 1.000
0.045, 0.024, 3.866, 0.984, 1.000
0.023, 0.030, 4.180, 1.000, 1.000
0.028, 0.025, 4.338, 1.000, 1.000
0.018, 0.020, 4.703, 1.000, 1.000
0.031, 0.020, 4.698, 0.984, 1.000
0.037, 0.016, 4.466, 1.000, 1.000
0.056, 0.026, 4.273, 0.984, 1.000
0.008, 0.021, 4.571, 1.000, 1.000
0.036, 0.018, 4.613, 1.000, 1.000
0.012, 0.015, 4.614, 1.000, 1.000
0.011, 0.011, 4.947, 1.000, 1.000
0.022, 0.020, 5.031, 1.000, 1.000
0.013, 0.012, 5.075, 1.000, 1.000
0.027, 0.013, 4.970, 0.984, 1.000
0.047, 0.011, 4.853, 0.984, 1.000
0.022, 0.016, 4.680, 0.984, 1.000
0.042, 0.016, 4.622, 0.984, 1.000
0.009, 0.013, 4.942, 1.000, 1.000
0.003, 0.009, 5.250, 1.000, 1.000
0.010, 0.046, 5.551, 1.000, 0.984
0.025, 0.019, 5.533, 0.984, 0.984
0.032, 0.007, 5.221, 0.984, 1.000
0.008, 0.020, 5.438, 1.000, 0.984
0.015, 0.010, 5.378, 1.000, 1.000
0.018, 0.041, 5.437, 1.000, 0.984
0.008, 0.050, 6.443, 1.000, 0.969
0.031, 0.032, 6.721, 0.984, 0.969
0.007, 0.004, 6.747, 1.000, 1.000
0.046, 0.012, 5.842, 0.984, 1.000
0.017, 0.055, 5.884, 1.000, 0.984
0.008, 0.045, 6.010, 1.000, 0.984
0.048, 0.086, 6.035, 0.969, 0.969
0.008, 0.067, 6.546, 1.000, 0.969
0.005, 0.006, 6.720, 1.000, 1.000
0.010, 0.053, 7.531, 1.000, 0.953
0.029, 0.033, 7.251, 1.000, 0.984
0.068, 0.068, 5.968, 0.969, 0.969
0.009, 0.035, 6.602, 1.000, 0.984
0.009, 0.054, 7.119, 1.000, 0.953
0.018, 0.045, 7.446, 1.000, 0.984
0.020, 0.042, 7.451, 1.000, 1.000
0.046, 0.071, 7.311, 0.984, 0.953
0.016, 0.046, 7.251, 1.000, 0.984
0.025, 0.025, 7.128, 1.000, 1.000
0.015, 0.012, 7.031, 1.000, 1.000
0.023, 0.032, 6.703, 1.000, 1.000
0.014, 0.050, 6.886, 1.000, 1.000
0.013, 0.033, 7.158, 1.000, 1.000
0.007, 0.024, 7.884, 1.000, 1.000
0.011, 0.019, 7.279, 1.000, 1.000
0.052, 0.036, 6.271, 0.984, 1.000
0.012, 0.040, 6.362, 1.000, 1.000
0.007, 0.035, 6.157, 1.000, 1.000
0.011, 0.015, 6.353, 1.000, 1.000
0.016, 0.029, 6.388, 1.000, 1.000
0.007, 0.026, 6.693, 1.000, 1.000
0.051, 0.024, 5.555, 0.969, 1.000
0.002, 0.024, 5.881, 1.000, 1.000
0.001, 0.024, 6.291, 1.000, 1.000
0.001, 0.017, 6.581, 1.000, 1.000
0.009, 0.012, 6.541, 1.000, 1.000
0.012, 0.010, 6.128, 1.000, 1.000
0.001, 0.022, 5.821, 1.000, 1.000
0.003, 0.017, 5.889, 1.000, 1.000
0.014, 0.022, 6.093, 1.000, 1.000
0.004, 0.016, 5.897, 1.000, 1.000
0.001, 0.011, 6.226, 1.000, 1.000
0.003, 0.010, 6.379, 1.000, 1.000
0.001, 0.005, 6.487, 1.000, 1.000
0.003, 0.014, 6.225, 1.000, 1.000
0.002, 0.009, 6.532, 1.000, 1.000
0.001, 0.014, 6.450, 1.000, 1.000
0.001, 0.006, 6.508, 1.000, 1.000
0.003, 0.006, 6.536, 1.000, 1.000
0.002, 0.009, 6.529, 1.000, 1.000
0.002, 0.009, 6.203, 1.000, 1.000
0.007, 0.010, 6.283, 1.000, 1.000
0.003, 0.009, 6.258, 1.000, 1.000
0.000, 0.006, 6.314, 1.000, 1.000
0.001, 0.008, 6.238, 1.000, 1.000
0.011, 0.008, 5.903, 1.000, 1.000
0.000, 0.007, 5.928, 1.000, 1.000
0.001, 0.010, 5.996, 1.000, 1.000
0.000, 0.011, 6.211, 1.000, 1.000
0.007, 0.009, 5.868, 1.000, 1.000
0.000, 0.007, 6.099, 1.000, 1.000
0.001, 0.010, 6.152, 1.000, 1.000
0.000, 0.006, 6.270, 1.000, 1.000
0.002, 0.006, 6.532, 1.000, 1.000
0.001, 0.005, 6.430, 1.000, 1.000
0.005, 0.007, 6.023, 1.000, 1.000
0.000, 0.010, 6.286, 1.000, 1.000
0.000, 0.007, 6.451, 1.000, 1.000
0.001, 0.006, 6.744, 1.000, 1.000
0.002, 0.008, 6.688, 1.000, 1.000
0.004, 0.006, 6.594, 1.000, 1.000
0.004, 0.012, 6.352, 1.000, 1.000
0.000, 0.009, 6.435, 1.000, 1.000
0.011, 0.011, 5.919, 1.000, 1.000
0.001, 0.007, 6.175, 1.000, 1.000
0.003, 0.016, 6.115, 1.000, 1.000
0.001, 0.009, 6.503, 1.000, 1.000
0.002, 0.013, 6.915, 1.000, 1.000
0.007, 0.027, 6.632, 1.000, 1.000
0.006, 0.032, 6.970, 1.000, 1.000
0.002, 0.015, 7.141, 1.000, 1.000
0.023, 0.038, 6.559, 0.984, 0.984
0.007, 0.047, 6.673, 1.000, 0.969
0.004, 0.021, 7.323, 1.000, 1.000
0.004, 0.032, 8.211, 1.000, 0.984
0.044, 0.032, 5.343, 0.984, 0.984
0.014, 0.077, 7.841, 1.000, 0.969
0.022, 0.013, 8.474, 0.984, 1.000
0.089, 0.064, 6.393, 0.984, 1.000
0.012, 0.065, 8.282, 1.000, 0.969
0.038, 0.044, 5.713, 1.000, 0.984
0.005, 0.021, 5.911, 1.000, 1.000
0.042, 0.040, 5.544, 0.984, 1.000
0.032, 0.025, 5.142, 1.000, 1.000
0.015, 0.023, 5.236, 1.000, 1.000
0.009, 0.012, 5.533, 1.000, 1.000
0.046, 0.073, 6.733, 0.984, 1.000
0.046, 0.007, 5.783, 0.984, 1.000
0.007, 0.019, 5.603, 1.000, 1.000
0.031, 0.017, 4.905, 0.984, 1.000
0.003, 0.015, 5.622, 1.000, 1.000
0.024, 0.019, 5.325, 0.984, 1.000
0.005, 0.006, 5.596, 1.000, 1.000
0.012, 0.015, 5.601, 1.000, 1.000
0.017, 0.023, 5.914, 1.000, 1.000
0.005, 0.006, 6.197, 1.000, 1.000
0.028, 0.015, 5.054, 0.984, 1.000
0.005, 0.017, 5.642, 1.000, 1.000
0.007, 0.012, 6.441, 1.000, 1.000
0.008, 0.004, 6.496, 1.000, 1.000
0.041, 0.027, 5.510, 0.984, 1.000
0.002, 0.008, 5.968, 1.000, 1.000
0.019, 0.008, 5.366, 0.984, 1.000
0.002, 0.021, 6.820, 1.000, 1.000
0.015, 0.004, 6.255, 1.000, 1.000
0.015, 0.010, 5.960, 1.000, 1.000
0.009, 0.016, 5.808, 1.000, 1.000
0.006, 0.008, 6.517, 1.000, 1.000
0.026, 0.020, 5.790, 0.984, 1.000
0.002, 0.006, 6.626, 1.000, 1.000
0.022, 0.014, 6.206, 0.984, 1.000
0.005, 0.022, 7.318, 1.000, 1.000
0.050, 0.026, 5.476, 0.984, 1.000
0.001, 0.042, 8.400, 1.000, 0.969
0.074, 0.033, 6.141, 0.969, 1.000
0.003, 0.013, 7.329, 1.000, 1.000
0.007, 0.005, 7.612, 1.000, 1.000
0.011, 0.030, 7.630, 1.000, 0.984
0.015, 0.013, 7.669, 1.000, 1.000
0.078, 0.209, 13.013, 0.953, 0.938
0.853, 4.683, 18.520, 0.703, 0.031
5.921, 0.183, 3.894, 0.016, 0.938
0.011, 0.516, 4.867, 1.000, 0.781
0.020, 0.127, 5.479, 1.000, 0.938
0.089, 0.063, 5.479, 0.969, 0.984
0.183, 0.069, 5.109, 0.969, 0.984
0.053, 0.139, 4.924, 0.984, 0.938
0.056, 0.177, 5.117, 0.969, 0.875
0.100, 0.055, 5.493, 0.984, 1.000
0.128, 0.058, 4.543, 0.953, 1.000
0.031, 0.074, 4.800, 1.000, 0.984
0.083, 0.086, 4.840, 0.969, 0.953
0.040, 0.089, 4.945, 0.984, 0.953
0.031, 0.105, 4.956, 1.000, 0.953
0.132, 0.169, 5.111, 0.953, 0.938
0.120, 0.089, 4.912, 0.969, 0.953
0.079, 0.058, 5.014, 0.969, 0.984
0.169, 0.111, 4.707, 0.922, 0.953
0.035, 0.140, 5.141, 1.000, 0.969
0.045, 0.111, 5.547, 0.984, 0.938
0.106, 0.073, 5.167, 0.969, 0.984
0.113, 0.104, 5.029, 0.938, 0.969
0.056, 0.122, 5.435, 0.984, 0.938
0.060, 0.070, 5.324, 0.984, 0.984
0.125, 0.056, 4.746, 0.938, 0.969
0.094, 0.137, 4.949, 0.953, 0.953
0.142, 0.112, 4.950, 0.953, 0.953
0.029, 0.116, 5.218, 1.000, 0.922
0.122, 0.081, 5.010, 0.953, 0.969
0.075, 0.091, 5.473, 0.984, 0.953
0.197, 0.089, 4.958, 0.906, 0.953
0.079, 0.180, 5.194, 0.969, 0.906
0.159, 0.087, 5.108, 0.953, 0.984
0.094, 0.067, 5.080, 0.953, 1.000
0.102, 0.104, 4.818, 0.938, 0.969
0.038, 0.063, 5.276, 1.000, 1.000
0.110, 0.063, 4.980, 0.953, 0.984
0.074, 0.093, 4.634, 0.984, 0.969
0.140, 0.101, 4.970, 0.938, 0.969
0.105, 0.064, 4.414, 0.969, 1.000
0.075, 0.081, 4.437, 0.984, 0.984
0.160, 0.178, 4.636, 0.938, 0.938
0.036, 0.068, 4.930, 1.000, 1.000
0.212, 0.044, 4.441, 0.969, 1.000
0.174, 0.132, 4.031, 0.938, 0.953
0.093, 0.113, 4.853, 0.969, 0.953
0.150, 0.098, 4.871, 0.953, 0.953
0.073, 0.049, 5.214, 0.953, 1.000
0.162, 0.074, 4.162, 0.938, 1.000
0.039, 0.104, 4.996, 1.000, 1.000
0.270, 0.134, 3.790, 0.891, 0.953
0.082, 0.114, 4.526, 0.984, 0.969
0.091, 0.068, 4.339, 0.953, 1.000
0.296, 0.125, 3.840, 0.859, 0.953
0.044, 0.136, 4.642, 1.000, 0.922
0.113, 0.043, 4.816, 0.969, 1.000
0.071, 0.044, 4.444, 0.969, 1.000
0.052, 0.077, 4.535, 0.984, 0.984
0.266, 0.109, 3.811, 0.875, 1.000
0.099, 0.250, 4.850, 0.938, 0.891
0.201, 0.111, 4.323, 0.891, 0.969
0.085, 0.068, 4.489, 0.969, 0.984
0.062, 0.088, 4.914, 0.984, 0.969
0.178, 0.071, 4.599, 0.922, 1.000
0.163, 0.119, 4.019, 0.938, 0.953
0.261, 0.200, 3.873, 0.875, 0.922
0.180, 0.294, 5.230, 0.891, 0.891
0.295, 0.119, 4.523, 0.859, 0.969
0.262, 0.191, 4.054, 0.891, 0.906
0.225, 0.217, 4.521, 0.906, 0.922
0.438, 0.167, 3.835, 0.828, 0.969
0.097, 0.130, 4.039, 0.938, 0.969
0.472, 0.374, 4.180, 0.828, 0.812
0.220, 0.112, 4.182, 0.922, 0.969
0.500, 0.193, 3.586, 0.859, 0.938
0.199, 0.213, 4.165, 0.922, 0.953
0.256, 0.114, 3.815, 0.922, 0.969
0.200, 0.171, 3.781, 0.953, 0.969
0.220, 0.181, 4.192, 0.922, 0.938
0.234, 0.152, 3.985, 0.875, 0.969
0.314, 0.325, 3.985, 0.828, 0.891
0.321, 0.235, 3.775, 0.875, 0.922
0.165, 0.203, 3.774, 0.953, 0.922
0.405, 0.234, 3.702, 0.844, 0.938
0.204, 0.111, 3.482, 0.906, 0.984
0.280, 0.219, 3.096, 0.875, 0.922
0.303, 0.340, 3.458, 0.812, 0.906
0.336, 0.274, 4.184, 0.859, 0.906
0.544, 0.467, 3.851, 0.828, 0.781
0.408, 0.214, 3.882, 0.844, 0.891
0.541, 0.417, 3.564, 0.766, 0.859
0.241, 0.244, 3.845, 0.875, 0.922
0.386, 0.286, 3.595, 0.797, 0.922
0.251, 0.196, 3.956, 0.891, 0.938
0.387, 0.134, 3.443, 0.812, 0.984
0.222, 0.160, 3.631, 0.891, 0.953
0.190, 0.077, 4.230, 0.922, 0.984
0.149, 0.062, 4.186, 0.953, 1.000
0.214, 0.066, 3.679, 0.938, 1.000
0.052, 0.054, 3.784, 0.984, 1.000
0.090, 0.049, 3.984, 0.984, 1.000
0.079, 0.046, 4.111, 0.969, 1.000
0.083, 0.056, 4.175, 0.969, 1.000
0.069, 0.052, 4.415, 0.953, 1.000
0.069, 0.048, 4.293, 0.953, 1.000
0.027, 0.039, 4.469, 1.000, 1.000
0.093, 0.038, 3.697, 0.984, 1.000
0.068, 0.089, 3.899, 0.984, 0.969
0.041, 0.097, 4.239, 1.000, 0.969
0.159, 0.111, 4.132, 0.938, 1.000
0.110, 0.104, 3.970, 0.984, 1.000
0.296, 0.238, 3.626, 0.922, 0.922
0.170, 0.119, 3.833, 0.938, 0.969
0.156, 0.316, 4.711, 0.984, 0.891
0.358, 0.163, 3.657, 0.812, 0.953
0.381, 0.348, 3.670, 0.828, 0.875
0.276, 0.174, 3.600, 0.828, 0.969
0.181, 0.222, 4.094, 0.906, 0.922
0.196, 0.115, 4.064, 0.953, 0.953
0.439, 0.492, 3.974, 0.797, 0.781
0.314, 0.107, 3.802, 0.891, 0.969
0.315, 0.343, 3.860, 0.906, 0.828
0.376, 0.274, 3.415, 0.781, 0.875
0.407, 0.301, 3.104, 0.828, 0.844
0.192, 0.249, 4.310, 0.938, 0.906
0.495, 0.201, 3.570, 0.828, 0.938
0.480, 0.336, 3.306, 0.781, 0.859
0.255, 0.204, 3.618, 0.844, 0.906
0.417, 0.382, 3.635, 0.766, 0.844
0.429, 0.241, 3.196, 0.750, 0.953
0.204, 0.342, 3.865, 0.906, 0.859
0.363, 0.310, 3.912, 0.859, 0.859
0.520, 0.323, 3.761, 0.812, 0.859
0.296, 0.184, 3.325, 0.906, 0.953
0.283, 0.292, 3.647, 0.891, 0.938
0.251, 0.198, 3.446, 0.859, 0.922
0.347, 0.201, 3.601, 0.812, 0.922
0.239, 0.432, 3.552, 0.828, 0.812
0.378, 0.392, 3.680, 0.844, 0.875
0.510, 0.216, 3.065, 0.828, 0.938
0.214, 0.280, 3.569, 0.906, 0.859
0.248, 0.303, 3.731, 0.859, 0.891
0.645, 0.443, 3.453, 0.750, 0.766
0.409, 0.275, 3.267, 0.828, 0.891
0.261, 0.227, 3.326, 0.922, 0.906
0.443, 0.277, 2.760, 0.797, 0.906
0.305, 0.386, 2.778, 0.859, 0.828
0.270, 0.406, 3.637, 0.906, 0.766
0.373, 0.192, 3.150, 0.828, 0.953
0.425, 0.452, 2.957, 0.781, 0.812
0.249, 0.121, 2.890, 0.891, 0.984
0.404, 0.457, 2.761, 0.828, 0.766
0.272, 0.305, 3.933, 0.906, 0.891
0.325, 0.244, 3.687, 0.906, 0.875
0.548, 0.333, 2.886, 0.688, 0.859
0.254, 0.443, 3.048, 0.844, 0.812
0.286, 0.315, 3.427, 0.859, 0.859
0.571, 0.230, 2.399, 0.703, 0.891
0.330, 0.400, 2.547, 0.844, 0.844
0.133, 0.246, 3.207, 0.953, 0.922
0.295, 0.173, 3.158, 0.891, 0.969
0.501, 0.352, 2.687, 0.812, 0.844
0.183, 0.230, 3.054, 0.922, 0.906
0.328, 0.171, 2.738, 0.844, 0.953
0.258, 0.287, 2.792, 0.891, 0.891
0.262, 0.218, 2.903, 0.922, 0.922
0.257, 0.249, 2.838, 0.859, 0.922
0.328, 0.348, 2.953, 0.859, 0.844
0.333, 0.283, 2.806, 0.844, 0.875
0.364, 0.245, 2.749, 0.859, 0.922
0.230, 0.325, 3.008, 0.891, 0.875
0.404, 0.341, 2.928, 0.766, 0.859
0.466, 0.379, 2.538, 0.781, 0.859
0.328, 0.357, 2.558, 0.812, 0.844
0.241, 0.399, 3.440, 0.906, 0.766
0.537, 0.240, 2.762, 0.797, 0.906
0.364, 0.343, 2.821, 0.797, 0.875
0.432, 0.407, 2.613, 0.828, 0.766
0.322, 0.281, 3.054, 0.859, 0.891
0.552, 0.422, 2.487, 0.719, 0.781
0.330, 0.286, 2.839, 0.875, 0.922
0.534, 0.416, 2.858, 0.797, 0.844
0.518, 0.360, 2.614, 0.750, 0.891
0.398, 0.457, 2.722, 0.844, 0.781
0.433, 0.260, 2.826, 0.828, 0.922
0.530, 0.489, 2.368, 0.750, 0.750
0.484, 0.439, 2.927, 0.734, 0.781
0.561, 0.328, 2.611, 0.719, 0.875
0.406, 0.377, 2.753, 0.812, 0.875
0.310, 0.232, 2.842, 0.875, 0.906
0.507, 0.487, 2.683, 0.781, 0.781
0.384, 0.217, 2.519, 0.828, 0.969
0.394, 0.427, 2.462, 0.828, 0.797
0.443, 0.261, 2.366, 0.797, 0.953
0.229, 0.256, 2.958, 0.906, 0.938
0.347, 0.253, 2.575, 0.844, 0.906
0.407, 0.316, 2.716, 0.797, 0.891
0.414, 0.318, 2.305, 0.828, 0.906
0.361, 0.341, 2.623, 0.828, 0.891
0.341, 0.262, 2.762, 0.812, 0.938
0.537, 0.343, 2.448, 0.703, 0.906
0.299, 0.237, 2.661, 0.859, 0.953
0.248, 0.205, 2.574, 0.906, 0.969
0.256, 0.208, 2.617, 0.953, 0.969
0.288, 0.247, 2.374, 0.891, 0.938
0.246, 0.254, 2.597, 0.875, 0.938
0.269, 0.198, 2.726, 0.844, 0.953
0.485, 0.444, 2.526, 0.766, 0.828
0.244, 0.196, 2.874, 0.859, 0.969
0.340, 0.251, 2.593, 0.891, 0.938
0.264, 0.221, 2.637, 0.891, 0.922
0.304, 0.273, 2.677, 0.844, 0.938
0.323, 0.349, 2.814, 0.859, 0.859
0.308, 0.300, 3.078, 0.844, 0.891
0.426, 0.269, 2.564, 0.797, 0.906
0.215, 0.232, 3.296, 0.922, 0.938
0.572, 0.340, 2.591, 0.703, 0.859
0.186, 0.173, 2.745, 0.969, 0.969
0.341, 0.303, 2.936, 0.844, 0.875
0.307, 0.183, 2.946, 0.891, 0.938
0.296, 0.317, 2.868, 0.844, 0.859
0.372, 0.174, 2.622, 0.844, 0.984
0.381, 0.409, 2.570, 0.812, 0.797
0.292, 0.240, 2.995, 0.891, 0.938
0.367, 0.258, 2.791, 0.828, 0.906
0.415, 0.341, 2.729, 0.781, 0.875
0.388, 0.348, 2.912, 0.797, 0.859
0.375, 0.277, 2.606, 0.812, 0.938
0.386, 0.253, 2.446, 0.812, 0.891
0.404, 0.387, 2.428, 0.781, 0.844
0.317, 0.295, 2.640, 0.859, 0.875
0.314, 0.244, 2.756, 0.844, 0.922
0.430, 0.349, 2.527, 0.828, 0.828
0.318, 0.406, 3.269, 0.859, 0.859
0.522, 0.258, 2.646, 0.766, 0.922
0.627, 0.455, 2.249, 0.688, 0.734
0.331, 0.435, 2.793, 0.828, 0.781
0.489, 0.231, 2.418, 0.766, 0.938
0.530, 0.621, 2.595, 0.734, 0.688
0.370, 0.208, 2.529, 0.828, 0.984
0.407, 0.287, 2.507, 0.828, 0.906
0.268, 0.329, 2.794, 0.891, 0.875
0.386, 0.303, 2.746, 0.812, 0.922
0.404, 0.262, 2.500, 0.812, 0.938
0.367, 0.261, 2.423, 0.844, 0.953
0.328, 0.314, 2.716, 0.844, 0.906
0.416, 0.414, 2.912, 0.812, 0.844
0.514, 0.354, 2.733, 0.703, 0.891
0.532, 0.364, 2.523, 0.734, 0.875
0.361, 0.281, 2.366, 0.766, 0.875
0.288, 0.216, 2.625, 0.875, 0.953
0.476, 0.465, 2.582, 0.750, 0.828
0.563, 0.363, 2.257, 0.703, 0.891
0.353, 0.377, 2.488, 0.828, 0.859
0.467, 0.249, 2.514, 0.828, 0.922
0.177, 0.297, 2.959, 0.922, 0.875
0.554, 0.266, 2.511, 0.734, 0.938
0.349, 0.305, 2.293, 0.828, 0.953
0.341, 0.293, 2.327, 0.844, 0.922
0.406, 0.463, 2.660, 0.812, 0.781
0.319, 0.146, 2.482, 0.891, 1.000
0.381, 0.360, 2.486, 0.781, 0.844
0.277, 0.270, 2.807, 0.922, 0.906
0.429, 0.217, 2.374, 0.703, 0.969
0.366, 0.412, 2.561, 0.812, 0.875
0.377, 0.327, 2.785, 0.812, 0.891
0.423, 0.229, 2.569, 0.797, 0.953
0.416, 0.401, 2.472, 0.812, 0.891
0.312, 0.349, 2.931, 0.859, 0.875
0.435, 0.253, 2.672, 0.766, 0.938
0.249, 0.237, 2.676, 0.906, 0.953
0.380, 0.351, 2.620, 0.812, 0.859
0.499, 0.465, 2.670, 0.688, 0.844
0.406, 0.292, 2.752, 0.797, 0.922
0.354, 0.321, 2.853, 0.844, 0.891
0.446, 0.389, 2.591, 0.750, 0.875
0.261, 0.199, 2.767, 0.922, 0.953
0.528, 0.386, 2.569, 0.719, 0.828
0.345, 0.298, 2.563, 0.812, 0.938
0.349, 0.319, 2.586, 0.844, 0.906
0.276, 0.351, 2.981, 0.859, 0.906
0.422, 0.281, 2.509, 0.750, 0.906
0.492, 0.470, 2.510, 0.719, 0.812
0.503, 0.303, 2.416, 0.766, 0.906
0.395, 0.472, 2.605, 0.797, 0.844
0.487, 0.241, 2.498, 0.750, 0.938
0.370, 0.328, 2.333, 0.844, 0.891
0.372, 0.405, 2.483, 0.812, 0.781
0.401, 0.248, 2.396, 0.750, 0.922
0.300, 0.437, 2.615, 0.875, 0.859
0.398, 0.235, 2.210, 0.750, 0.969
0.279, 0.392, 2.413, 0.875, 0.828
0.289, 0.199, 2.446, 0.844, 0.969
0.399, 0.445, 2.257, 0.734, 0.812
0.317, 0.347, 2.548, 0.844, 0.828
0.450, 0.378, 2.415, 0.734, 0.891
0.311, 0.225, 2.593, 0.844, 0.969
0.484, 0.509, 2.594, 0.766, 0.797
0.353, 0.381, 2.780, 0.812, 0.812
0.338, 0.209, 2.394, 0.828, 0.953
0.398, 0.387, 2.568, 0.844, 0.875
0.383, 0.358, 2.791, 0.828, 0.859
0.384, 0.234, 2.596, 0.797, 0.953
0.432, 0.313, 2.374, 0.797, 0.906
0.237, 0.296, 2.840, 0.922, 0.891
0.354, 0.241, 2.660, 0.875, 0.953
0.383, 0.416, 2.711, 0.812, 0.844
0.489, 0.242, 2.491, 0.766, 0.953
0.275, 0.329, 2.966, 0.875, 0.875
0.579, 0.318, 2.522, 0.672, 0.859
0.245, 0.402, 3.318, 0.922, 0.750
0.635, 0.336, 2.693, 0.688, 0.906
0.287, 0.295, 2.816, 0.844, 0.922
0.373, 0.255, 2.528, 0.797, 0.938
0.265, 0.272, 2.832, 0.891, 0.922
0.330, 0.255, 3.121, 0.844, 0.953
0.475, 0.270, 2.663, 0.734, 0.938
0.283, 0.303, 2.985, 0.891, 0.891
0.356, 0.281, 2.979, 0.766, 0.906
0.369, 0.350, 2.929, 0.797, 0.859
0.263, 0.179, 2.940, 0.859, 0.984
0.235, 0.255, 2.951, 0.922, 0.953
0.320, 0.289, 2.956, 0.828, 0.922
0.399, 0.264, 2.836, 0.828, 0.922
0.306, 0.302, 2.765, 0.844, 0.906
0.348, 0.311, 2.891, 0.797, 0.891
0.287, 0.293, 2.956, 0.844, 0.891
0.439, 0.246, 2.527, 0.781, 0.906
0.259, 0.326, 2.593, 0.844, 0.922
0.308, 0.357, 3.035, 0.844, 0.875
0.457, 0.308, 2.599, 0.719, 0.891
0.365, 0.291, 2.663, 0.828, 0.938
0.258, 0.281, 3.045, 0.906, 0.906
0.441, 0.270, 2.399, 0.797, 0.953
0.301, 0.349, 2.827, 0.844, 0.906
0.431, 0.271, 2.360, 0.750, 0.938
0.235, 0.309, 2.871, 0.906, 0.906
0.399, 0.294, 2.703, 0.812, 0.891
0.334, 0.347, 2.428, 0.828, 0.859
0.305, 0.538, 3.525, 0.875, 0.750
0.806, 0.290, 2.091, 0.625, 0.844
0.173, 0.545, 3.196, 0.938, 0.703
0.681, 0.322, 2.671, 0.672, 0.906
0.445, 0.332, 2.375, 0.797, 0.906
0.285, 0.294, 2.512, 0.859, 0.906
0.252, 0.229, 2.523, 0.938, 0.938
0.336, 0.427, 2.856, 0.859, 0.812
0.502, 0.298, 2.725, 0.766, 0.922
0.411, 0.343, 2.413, 0.797, 0.891
0.422, 0.478, 2.861, 0.719, 0.781
0.478, 0.284, 2.497, 0.750, 0.938
0.384, 0.296, 2.355, 0.797, 0.938
0.220, 0.273, 2.614, 0.906, 0.938
0.302, 0.291, 2.935, 0.875, 0.906
0.390, 0.344, 2.846, 0.828, 0.828
0.392, 0.311, 2.785, 0.766, 0.953
0.304, 0.265, 2.599, 0.844, 0.922
0.321, 0.293, 2.678, 0.859, 0.891
0.322, 0.248, 2.872, 0.859, 0.891
0.316, 0.182, 2.640, 0.844, 0.953
0.201, 0.350, 3.244, 0.922, 0.875
0.832, 0.649, 2.876, 0.562, 0.688
0.318, 0.146, 2.920, 0.859, 0.984
0.203, 0.244, 3.062, 0.938, 0.891
0.393, 0.263, 2.627, 0.781, 0.906
0.251, 0.335, 2.824, 0.875, 0.891
0.215, 0.116, 3.068, 0.906, 0.984
0.336, 0.224, 2.637, 0.859, 0.922
0.149, 0.183, 2.836, 0.953, 0.969
0.271, 0.249, 3.080, 0.891, 0.891
0.342, 0.307, 3.450, 0.828, 0.875
0.333, 0.199, 3.251, 0.844, 0.953
0.346, 0.288, 2.888, 0.812, 0.906
0.171, 0.216, 3.454, 0.922, 0.938
0.187, 0.151, 3.472, 0.938, 0.984
0.270, 0.179, 3.027, 0.906, 0.969
0.165, 0.199, 3.457, 0.922, 0.953
0.249, 0.197, 3.173, 0.906, 0.922
0.269, 0.302, 3.191, 0.906, 0.875
0.256, 0.201, 3.118, 0.875, 0.969
0.299, 0.347, 3.438, 0.875, 0.859
0.268, 0.171, 3.230, 0.906, 0.969
0.221, 0.317, 3.338, 0.906, 0.859
0.390, 0.215, 3.013, 0.812, 0.938
0.290, 0.297, 3.338, 0.875, 0.875
0.265, 0.169, 3.265, 0.906, 0.953
0.403, 0.343, 2.768, 0.828, 0.891
0.136, 0.200, 3.217, 0.969, 0.953
0.380, 0.224, 2.482, 0.766, 0.922
0.163, 0.353, 3.605, 0.922, 0.859
0.578, 0.556, 3.271, 0.719, 0.781
0.444, 0.366, 2.973, 0.797, 0.859
0.204, 0.315, 3.358, 0.938, 0.891
0.494, 0.418, 2.945, 0.766, 0.812
0.356, 0.470, 3.659, 0.797, 0.781
0.662, 0.279, 2.269, 0.688, 0.938
0.203, 0.399, 3.249, 0.922, 0.797
0.381, 0.180, 2.719, 0.781, 0.969
0.301, 0.338, 2.481, 0.844, 0.875
0.185, 0.212, 3.038, 0.922, 0.953
0.389, 0.486, 3.150, 0.828, 0.734
0.405, 0.195, 2.444, 0.781, 0.953
0.143, 0.366, 3.191, 0.953, 0.922
0.417, 0.322, 2.859, 0.812, 0.859
0.373, 0.463, 3.087, 0.812, 0.766
0.381, 0.434, 3.493, 0.828, 0.859
0.441, 0.338, 2.921, 0.781, 0.844
0.433, 0.311, 2.902, 0.781, 0.844
0.261, 0.228, 2.980, 0.859, 0.922
0.435, 0.424, 2.928, 0.766, 0.828
0.392, 0.397, 3.345, 0.812, 0.844
0.419, 0.254, 2.665, 0.781, 0.938
0.331, 0.377, 2.901, 0.797, 0.828
0.223, 0.173, 3.028, 0.938, 0.922
0.357, 0.307, 2.890, 0.828, 0.844
0.361, 0.419, 3.289, 0.859, 0.844
0.440, 0.197, 2.635, 0.766, 0.969
0.190, 0.258, 3.255, 0.922, 0.953
0.346, 0.266, 3.449, 0.844, 0.891
0.153, 0.158, 3.666, 0.969, 0.938
0.366, 0.238, 3.146, 0.844, 0.906
0.206, 0.184, 3.110, 0.875, 0.953
0.164, 0.155, 3.457, 0.938, 0.984
0.216, 0.174, 3.492, 0.891, 0.969
0.194, 0.161, 3.791, 0.906, 0.953
0.201, 0.108, 3.300, 0.906, 0.984
0.085, 0.125, 3.878, 1.000, 0.984
0.156, 0.141, 4.113, 0.953, 0.953
0.241, 0.117, 3.472, 0.875, 0.984
0.173, 0.173, 3.986, 0.938, 0.953
0.099, 0.059, 4.224, 1.000, 1.000
0.151, 0.157, 3.588, 0.969, 0.953
0.160, 0.201, 3.908, 0.953, 0.922
0.329, 0.161, 3.885, 0.875, 0.953
0.238, 0.166, 3.460, 0.875, 1.000
0.135, 0.081, 3.508, 0.938, 1.000
0.208, 0.241, 3.440, 0.906, 0.938
0.174, 0.192, 4.087, 0.953, 0.938
0.168, 0.101, 3.683, 0.953, 0.984
0.353, 0.509, 3.353, 0.812, 0.797
0.219, 0.176, 4.110, 0.906, 0.922
0.304, 0.151, 3.292, 0.891, 0.953
0.252, 0.476, 4.682, 0.906, 0.766
0.764, 0.264, 2.723, 0.672, 0.891
0.148, 0.258, 3.360, 0.969, 0.891
0.425, 0.344, 3.485, 0.828, 0.844
0.272, 0.182, 3.118, 0.859, 0.938
0.338, 0.435, 3.211, 0.828, 0.844
0.359, 0.287, 2.916, 0.812, 0.875
0.297, 0.342, 3.441, 0.875, 0.875
0.449, 0.362, 3.666, 0.828, 0.828
0.434, 0.384, 3.722, 0.766, 0.859
0.553, 0.387, 3.280, 0.719, 0.812
0.583, 0.265, 2.433, 0.688, 0.906
0.227, 0.372, 3.015, 0.922, 0.906
0.304, 0.183, 2.917, 0.891, 0.938
0.279, 0.311, 2.854, 0.906, 0.891
0.331, 0.390, 3.302, 0.875, 0.828
0.400, 0.221, 2.908, 0.828, 0.906
0.294, 0.448, 3.401, 0.875, 0.828
0.474, 0.301, 3.121, 0.812, 0.906
0.476, 0.330, 3.046, 0.812, 0.844
0.266, 0.204, 3.209, 0.891, 0.953
0.216, 0.200, 3.243, 0.922, 0.969
0.403, 0.397, 3.107, 0.844, 0.859
0.248, 0.120, 3.015, 0.875, 1.000
0.236, 0.270, 3.406, 0.922, 0.906
0.314, 0.157, 3.030, 0.844, 0.969
0.202, 0.267, 3.521, 0.922, 0.906
0.274, 0.139, 3.661, 0.906, 0.984
0.214, 0.155, 3.143, 0.922, 0.969
0.185, 0.219, 3.417, 0.938, 0.922
0.248, 0.223, 3.690, 0.875, 0.906
0.230, 0.110, 3.635, 0.938, 0.969
0.427, 0.413, 3.730, 0.812, 0.797
0.315, 0.139, 2.843, 0.859, 0.938
0.083, 0.175, 3.470, 0.984, 1.000
0.219, 0.130, 3.357, 0.891, 0.984
0.248, 0.367, 3.752, 0.906, 0.875
0.426, 0.208, 3.377, 0.812, 0.938
0.139, 0.095, 3.447, 0.938, 1.000
0.264, 0.352, 3.656, 0.812, 0.859
0.246, 0.168, 3.455, 0.891, 0.953
0.129, 0.149, 3.527, 0.969, 0.984
0.228, 0.252, 4.162, 0.938, 0.875
0.476, 0.393, 3.463, 0.750, 0.797
0.285, 0.150, 3.708, 0.906, 0.938
0.148, 0.202, 3.363, 0.922, 0.938
0.245, 0.287, 3.351, 0.875, 0.875
0.178, 0.224, 3.681, 0.922, 0.922
0.284, 0.216, 3.521, 0.875, 0.969
0.187, 0.083, 3.401, 0.938, 1.000
0.170, 0.248, 3.435, 0.938, 0.922
0.271, 0.305, 3.790, 0.906, 0.875
0.218, 0.182, 3.794, 0.953, 0.953
0.248, 0.202, 3.273, 0.859, 0.922
0.347, 0.539, 4.244, 0.828, 0.719
0.372, 0.169, 3.427, 0.797, 0.938
0.293, 0.117, 2.660, 0.922, 0.984
0.054, 0.220, 3.720, 1.000, 0.906
0.378, 0.248, 3.448, 0.844, 0.891
0.231, 0.229, 3.234, 0.891, 0.906
0.299, 0.439, 4.093, 0.922, 0.750
0.484, 0.219, 3.605, 0.781, 0.906
0.248, 0.374, 3.627, 0.922, 0.844
0.229, 0.150, 3.741, 0.875, 0.969
0.185, 0.131, 3.179, 0.938, 0.984
0.198, 0.401, 4.209, 0.875, 0.766
0.357, 0.150, 4.006, 0.844, 0.953
0.272, 0.256, 3.933, 0.875, 0.891
0.336, 0.188, 3.326, 0.844, 0.922
0.149, 0.210, 3.435, 0.953, 0.922
0.180, 0.175, 3.639, 0.969, 0.938
0.264, 0.297, 3.978, 0.906, 0.875
0.283, 0.131, 3.868, 0.875, 0.969
0.264, 0.185, 3.043, 0.906, 0.906
0.134, 0.192, 3.077, 0.938, 0.922
0.140, 0.167, 3.903, 0.953, 0.938
0.285, 0.232, 3.455, 0.797, 0.891
0.220, 0.371, 4.246, 0.859, 0.812
0.436, 0.159, 3.216, 0.750, 0.922
0.144, 0.153, 3.403, 0.938, 0.938
0.131, 0.181, 3.842, 0.953, 0.938
0.284, 0.275, 4.024, 0.891, 0.906
0.174, 0.131, 3.628, 0.969, 0.922
0.382, 0.393, 4.073, 0.891, 0.828
0.252, 0.160, 3.991, 0.906, 0.969
0.211, 0.129, 3.414, 0.922, 0.969
0.156, 0.111, 3.229, 0.953, 0.984
0.263, 0.393, 4.450, 0.906, 0.766
0.452, 0.215, 3.818, 0.797, 0.922
0.347, 0.313, 3.597, 0.828, 0.875
0.187, 0.117, 4.136, 0.938, 0.984
0.290, 0.149, 3.463, 0.953, 0.984
0.202, 0.271, 3.812, 0.922, 0.828
0.218, 0.138, 3.697, 0.938, 0.953
0.249, 0.170, 3.349, 0.906, 0.938
0.256, 0.242, 3.740, 0.891, 0.922
0.223, 0.094, 3.170, 0.938, 1.000
0.074, 0.241, 4.113, 1.000, 0.906
0.243, 0.180, 4.072, 0.891, 0.922
0.227, 0.093, 3.199, 0.922, 0.984
0.113, 0.222, 3.966, 0.953, 0.906
0.164, 0.170, 4.262, 0.953, 0.922
0.223, 0.136, 3.568, 0.938, 0.969
0.101, 0.136, 3.682, 0.953, 0.969
0.171, 0.117, 3.662, 0.953, 0.984
0.194, 0.294, 4.451, 0.938, 0.906
0.441, 0.139, 3.264, 0.844, 0.969
0.147, 0.332, 4.123, 0.922, 0.812
0.333, 0.107, 3.526, 0.875, 0.984
0.177, 0.206, 3.824, 0.922, 0.922
0.201, 0.134, 3.725, 0.922, 0.984
0.158, 0.157, 3.715, 0.922, 0.953
0.220, 0.096, 3.325, 0.922, 0.984
0.185, 0.206, 3.834, 0.938, 0.922
0.160, 0.082, 3.892, 0.953, 0.984
0.228, 0.125, 3.157, 0.922, 0.969
0.083, 0.230, 4.640, 0.984, 0.844
0.337, 0.138, 3.724, 0.844, 0.969
