94.300
99.298
97.814
90.596
92.489
108.611
99.925
94.874
101.153
102.958
102.308
105.803
104.736
106.462
94.402
99.462
101.591
29.586
29.206
42.794
31.218
22.345
28.182
35.793
24.158
28.228
23.026
21.023
29.361
23.455
29.545
20.769
21.130
25.049
23.138
17.682
22.205
23.289
25.467
23.520
25.028
19.856
23.208
27.303
27.350
19.379
17.651
20.632
19.232
18.426
18.914
16.979
20.720
21.618
23.671
18.354
19.817
21.441
21.175
19.793
19.835
18.018
18.162
20.721
19.401
15.631
18.082
16.910
19.451
19.628
19.240
17.390
19.903
15.183
17.250
18.810
17.559
18.102
19.054
18.963
15.510
16.087
19.442
16.685
17.373
15.507
18.994
22.614
17.121
17.388
20.001
14.432
16.826
16.856
17.540
21.093
16.954
16.753
17.580
19.091
17.782
18.009
16.907
19.491
18.841
19.491
17.283
17.264
18.834
17.168
18.078
17.731
19.533
15.501
15.644
18.232
18.929
20.648
17.036
18.128
16.245
22.135
18.485
18.581
16.801
17.559
15.537
18.693
16.006
17.337
17.592
19.805
16.842
17.728
17.430
18.211
17.489
18.107
16.669
18.049
17.847
20.027
18.407
19.133
16.257
15.597
15.604
17.082
17.802
17.513
16.176
18.471
19.617
17.411
16.208
17.940
18.651
17.765
18.089
16.944
15.772
18.362
18.685
16.303
20.924
18.423
16.799
17.109
20.509
15.589
17.639
14.838
16.732
20.039
17.267
15.130
16.719
18.249
17.195
17.974
21.223
16.110
18.436
16.369
15.350
17.940
20.357
17.180
17.458
18.217
18.335
17.086
18.037
16.761
15.743
14.761
17.540
16.999
18.409
19.471
17.679
16.390
18.537
18.633
20.450
17.859
17.246
18.031
16.958
17.506
15.532
18.148
15.071
18.448
18.699
18.142
17.409
18.573
18.637
19.134
18.353
17.745
17.506
16.297
17.149
17.436
18.355
18.243
17.886
16.963
16.567
16.432
15.489
17.073
18.181
16.184
17.652
16.019
16.922
22.769
14.608
16.638
20.958
17.024
17.927
16.683
19.829
17.788
16.455
18.480
16.116
21.087
16.344
15.673
16.420
20.871
16.900
16.129
15.210
17.162
18.040
17.546
17.234
17.485
17.132
19.616
16.361
16.076
16.866
20.716
20.635
17.079
18.053
14.936
17.315
15.804
21.806
16.457
17.421
16.795
17.451
18.466
16.830
17.856
15.921
19.885
16.015
15.715
14.957
17.423
17.844
15.395
15.096
18.173
16.805
17.581
18.667
17.757
15.147
15.646
18.073
16.331
17.240
15.342
19.059
16.506
17.753
15.478
17.956
17.782
16.896
17.764
22.270
18.199
14.487
14.899
15.666
17.295
17.519
15.716
19.270
16.316
18.107
19.168
17.492
17.410
16.178
16.167
16.015
14.871
17.642
18.335
17.859
15.894
16.193
16.984
16.076
16.367
15.317
17.585
16.123
17.849
19.826
15.566
17.742
15.460
18.207
17.952
16.610
16.677
19.090
15.739
18.600
17.634
21.013
17.151
15.367
19.506
15.783
16.210
18.614
19.828
16.959
15.883
17.793
14.862
18.370
15.642
15.739
18.484
13.423
16.812
17.588
17.293
15.343
16.661
17.437
18.743
17.547
16.454
15.037
18.484
16.600
16.251
18.906
16.825
16.102
18.608
17.902
14.309
15.120
16.639
20.534
16.387
17.532
16.464
16.783
15.131
15.742
16.823
15.977
16.039
18.320
18.005
19.498
15.307
17.240
17.403
16.500
17.533
14.926
16.873
17.399
17.456
16.666
16.874
15.931
18.772
16.517
15.750
16.229
15.192
15.778
18.529
18.016
20.000
16.298
16.567
16.501
15.686
15.695
18.028
17.883
16.196
16.311
17.563
17.794
17.500
18.013
18.330
15.417
17.700
16.042
16.622
19.954
17.416
17.399
18.224
17.171
18.362
16.190
19.951
17.406
15.464
15.608
17.854
17.001
16.453
17.116
17.451
17.942
15.787
17.465
16.646
16.152
16.438
17.561
15.233
16.113
14.991
14.424
20.701
14.543
15.921
21.494
15.885
16.660
16.525
18.061
19.093
18.787
18.122
17.291
15.576
18.875
14.136
16.432
17.676
17.085
16.795
18.110
16.717
17.959
17.609
14.135
18.350
15.821
16.441
17.665
16.579
16.980
16.417
15.900
18.250
20.888
16.685
15.392
19.739
13.929
15.632
17.930
15.763
16.735
15.886
17.288
17.375
14.201
17.024
16.440
15.634
14.569
15.325
15.481
15.100
17.300
17.087
15.090
15.397
17.152
17.703
16.989
16.672
22.633
16.433
15.903
17.795
15.764
15.049
18.390
19.162
18.146
17.833
17.843
16.444
16.787
16.537
18.078
16.729
18.448
17.129
18.866
14.257
16.488
15.036
13.727
15.978
17.942
15.920
15.919
15.857
16.214
19.150
16.796
14.896
16.497
15.456
16.345
16.581
15.769
16.081
17.297
16.600
16.631
16.849
18.501
16.990
19.063
19.363
16.161
15.813
15.662
17.473
18.216
18.574
16.704
16.631
17.348
15.714
15.804
15.263
15.209
17.873
20.148
17.275
16.228
15.757
19.411
16.490
16.018
17.989
15.582
15.939
19.722
16.408
16.318
15.060
16.841
15.092
16.390
15.507
17.454
15.597
15.855
16.785
16.231
15.172
18.522
16.074
16.829
19.089
15.481
16.420
18.595
15.066
16.317
15.357
16.309
17.516
19.504
15.796
20.123
17.987
16.122
16.236
16.952
16.041
16.035
18.519
15.378
15.220
16.436
15.682
17.580
18.948
16.084
16.224
16.339
15.262
16.586
15.077
16.044
15.805
16.010
16.549
17.186
20.049
17.886
18.245
16.604
16.429
20.692
17.147
17.352
21.095
17.363
16.921
16.150
15.321
17.115
17.137
15.939
19.427
17.181
18.444
16.935
16.383
19.998
17.162
18.787
16.365
16.121
14.107
19.039
15.295
14.228
17.355
18.392
16.896
16.607
16.719
15.719
16.691
15.836
19.693
18.257
17.163
16.411
15.195
17.700
16.555
18.105
15.012
15.087
17.260
17.476
16.728
14.811
18.038
16.578
16.709
15.741
17.078
14.295
15.707
14.854
18.641
15.485
18.823
14.634
16.331
16.589
15.163
15.667
15.935
20.797
15.688
16.113
17.008
16.274
16.010
17.325
17.325
19.921
16.502
15.900
18.646
18.640
17.745
16.071
15.966
15.968
16.931
17.028
16.908
16.415
17.353
16.016
17.174
16.837
19.626
15.944
20.323
16.482
15.659
22.632
14.454
14.623
14.954
14.027
16.425
16.844
17.643
15.071
20.171
16.650
16.891
15.971
18.018
15.158
16.046
20.608
17.918
16.538
16.136
17.900
15.247
16.698
17.603
18.057
15.375
16.631
14.374
17.016
17.640
15.414
15.555
15.446
15.521
18.012
19.806
15.774
16.202
15.000
17.095
15.644
16.179
15.243
16.749
17.046
15.169
18.079
16.814
17.196
15.443
16.497
18.053
14.738
20.940
17.991
14.309
16.264
17.507
16.240
16.146
16.914
16.305
14.555
15.283
15.480
15.353
16.715
14.986
17.004
18.137
13.793
15.075
15.652
16.464
17.050
15.112
14.949
16.155
16.786
16.008
16.170
16.148
16.546
15.237
16.360
18.575
18.198
16.558
17.763
15.513
17.089
16.307
14.330
16.167
16.073
15.637
16.581
15.869
17.110
16.979
16.395
13.994
18.904
16.098
20.240
20.934
16.196
16.613
15.801
18.122
17.947
18.064
15.302
14.936
15.570
18.179
16.423
15.693
18.026
17.243
17.926
18.282
15.022
17.176
17.758
19.254
16.753
17.310
17.052
21.752
17.637
15.111
18.669
17.958
14.652
18.227
16.416
15.114
15.143
17.050
16.633
17.279
16.064
18.361
15.360
17.464
13.919
16.012
16.151
14.667
16.353
16.765
15.095
16.565
15.563
15.831
15.336
16.269
16.059
18.485
17.699
16.524
15.634
16.672
16.414
17.225
18.116
19.677
15.111
17.663
18.026
16.471
14.831
18.579
16.507
16.639
15.845
15.743
15.742
16.239
17.573
16.541
14.175
16.032
15.874
15.427
16.417
15.437
16.607
16.135
15.496
16.824
16.708
15.401
15.337
16.142
16.150
15.937
16.762
16.365
14.890
18.643
17.373
17.298
16.555
18.694
16.690
16.558
18.595
17.664
16.133
16.635
15.350
16.350
17.542
15.047
17.467
15.265
16.013
16.222
17.983
15.631
16.516
16.975
17.192
18.356
16.975
15.383
15.744
15.101
14.382
16.773
17.394
17.683
14.739
16.760
17.668
16.181
16.306
17.577
20.121
17.500
16.818
15.754
15.591
15.766
15.513
18.188
17.729
15.565
14.372
14.661
15.761
15.811
16.777
16.105
16.045
19.577
16.108
16.573
14.316
15.744
15.964
14.591
14.402
16.626
15.373
16.569
18.886
16.164
16.529
13.611
16.325
16.335
16.014
14.780
16.757
17.411
15.912
16.345
16.194
15.142
15.014
15.490
17.207
15.752
16.026
16.991
15.017
18.904
19.163
14.522
15.454
15.629
16.838
18.085
15.145
16.228
16.861
17.255
15.724
16.180
15.771
15.132
14.462
17.712
16.218
16.232
17.554
15.507
16.805
16.065
14.372
15.628
15.712
17.711
14.429
15.820
16.765
15.124
15.133
18.793
17.592
17.321
16.422
16.976
16.938
15.926
18.088
18.767
17.728
17.684
15.242
17.517
17.261
16.307
15.529
14.689
16.020
15.723
19.173
18.560
15.656
15.510
17.244
14.511
