0.668, 0.694, 0.693, 0.844, 0.094, 0.000
0.619, 0.695, 0.692, 1.000, 0.000
0.564, 0.696, 0.691, 1.000, 0.000
0.513, 0.698, 0.690, 1.000, 0.016
0.434, 0.704, 0.685, 1.000, 0.000
0.359, 0.716, 0.677, 1.000, 0.000
0.274, 0.731, 0.671, 1.000, 0.000
0.196, 0.734, 0.687, 1.000, 0.000
0.136, 0.699, 0.730, 1.000, 0.406
0.091, 0.643, 0.783, 1.000, 0.969
0.067, 0.624, 0.797, 1.000, 1.000
0.048, 0.625, 0.785, 1.000, 1.000
0.028, 0.640, 0.762, 1.000, 1.000
0.017, 0.651, 0.748, 1.000, 1.000
0.015, 0.672, 0.737, 1.000, 1.000
0.012, 0.715, 0.710, 1.000, 0.000
0.012, 0.767, 0.666, 1.000, 0.000
0.017, 0.853, 0.621, 1.000, 0.000
0.044, 0.991, 0.582, 1.000, 0.000
0.111, 1.133, 0.593, 1.000, 0.000
0.268, 1.188, 0.690, 1.000, 0.000
0.412, 0.913, 0.896, 1.000, 0.031
0.556, 0.656, 1.059, 0.953, 0.688
0.619, 0.592, 1.124, 0.766, 0.844
0.535, 0.597, 1.208, 0.891, 0.812
0.579, 0.538, 1.279, 0.766, 0.906
0.575, 0.421, 1.362, 0.781, 1.000
0.533, 0.421, 1.407, 0.844, 1.000
0.473, 0.421, 1.604, 0.875, 0.969
0.480, 0.348, 1.666, 0.875, 0.969
0.433, 0.288, 1.804, 0.844, 1.000
0.350, 0.247, 1.855, 0.906, 1.000
0.336, 0.244, 1.920, 0.891, 1.000
0.188, 0.208, 2.243, 1.000, 1.000
0.220, 0.138, 2.370, 0.969, 1.000
0.185, 0.156, 2.397, 0.984, 1.000
0.127, 0.096, 2.732, 1.000, 1.000
0.095, 0.091, 2.917, 1.000, 1.000
0.104, 0.081, 2.999, 0.969, 1.000
0.073, 0.061, 3.127, 1.000, 1.000
0.053, 0.050, 3.391, 1.000, 1.000
0.054, 0.047, 3.417, 1.000, 1.000
0.042, 0.040, 3.668, 1.000, 1.000
0.058, 0.036, 3.619, 0.969, 1.000
0.015, 0.034, 3.733, 1.000, 1.000
0.035, 0.029, 3.859, 1.000, 1.000
0.026, 0.031, 4.084, 1.000, 1.000
0.019, 0.022, 4.125, 1.000, 1.000
0.015, 0.019, 4.303, 1.000, 1.000
0.006, 0.016, 4.409, 1.000, 1.000
0.008, 0.016, 4.447, 1.000, 1.000
0.008, 0.016, 4.651, 1.000, 1.000
0.008, 0.014, 4.788, 1.000, 1.000
0.011, 0.011, 4.781, 1.000, 1.000
0.007, 0.012, 4.823, 1.000, 1.000
0.011, 0.012, 4.952, 1.000, 1.000
0.007, 0.008, 4.926, 1.000, 1.000
0.020, 0.011, 4.935, 0.984, 1.000
0.018, 0.011, 5.021, 0.984, 1.000
0.010, 0.009, 4.943, 1.000, 1.000
0.016, 0.014, 5.049, 0.984, 1.000
0.008, 0.008, 5.104, 1.000, 1.000
0.006, 0.008, 5.242, 1.000, 1.000
0.010, 0.008, 5.079, 1.000, 1.000
0.013, 0.009, 5.296, 1.000, 1.000
0.003, 0.009, 5.199, 1.000, 1.000
0.005, 0.008, 5.283, 1.000, 1.000
0.002, 0.006, 5.354, 1.000, 1.000
0.004, 0.007, 5.535, 1.000, 1.000
0.004, 0.006, 5.617, 1.000, 1.000
0.001, 0.006, 5.728, 1.000, 1.000
0.001, 0.005, 5.865, 1.000, 1.000
0.004, 0.005, 5.744, 1.000, 1.000
0.001, 0.004, 5.943, 1.000, 1.000
0.001, 0.004, 5.914, 1.000, 1.000
0.005, 0.004, 5.924, 1.000, 1.000
0.011, 0.007, 5.848, 1.000, 1.000
0.005, 0.005, 5.838, 1.000, 1.000
0.004, 0.004, 6.045, 1.000, 1.000
0.001, 0.003, 6.101, 1.000, 1.000
0.000, 0.004, 6.136, 1.000, 1.000
0.001, 0.003, 6.183, 1.000, 1.000
0.001, 0.003, 6.167, 1.000, 1.000
0.004, 0.003, 6.254, 1.000, 1.000
0.000, 0.002, 6.286, 1.000, 1.000
0.000, 0.003, 6.338, 1.000, 1.000
0.001, 0.003, 6.238, 1.000, 1.000
0.001, 0.002, 6.419, 1.000, 1.000
0.000, 0.002, 6.475, 1.000, 1.000
0.000, 0.002, 6.530, 1.000, 1.000
0.002, 0.002, 6.328, 1.000, 1.000
0.015, 0.004, 6.160, 0.984, 1.000
0.000, 0.003, 6.450, 1.000, 1.000
0.002, 0.003, 6.562, 1.000, 1.000
0.003, 0.002, 6.561, 1.000, 1.000
0.001, 0.002, 6.438, 1.000, 1.000
0.001, 0.002, 6.681, 1.000, 1.000
0.000, 0.002, 6.692, 1.000, 1.000
0.000, 0.002, 6.847, 1.000, 1.000
0.000, 0.002, 6.736, 1.000, 1.000
0.001, 0.002, 6.692, 1.000, 1.000
0.026, 0.004, 6.194, 0.984, 1.000
0.001, 0.003, 6.697, 1.000, 1.000
0.001, 0.003, 6.673, 1.000, 1.000
0.002, 0.002, 6.852, 1.000, 1.000
0.002, 0.002, 6.781, 1.000, 1.000
0.000, 0.002, 6.824, 1.000, 1.000
0.001, 0.002, 6.862, 1.000, 1.000
0.000, 0.002, 6.917, 1.000, 1.000
0.000, 0.001, 6.889, 1.000, 1.000
0.001, 0.001, 7.033, 1.000, 1.000
0.000, 0.001, 6.950, 1.000, 1.000
0.003, 0.001, 6.930, 1.000, 1.000
0.000, 0.001, 6.982, 1.000, 1.000
0.000, 0.001, 7.147, 1.000, 1.000
0.001, 0.001, 7.067, 1.000, 1.000
0.002, 0.001, 7.063, 1.000, 1.000
0.000, 0.001, 7.113, 1.000, 1.000
0.000, 0.001, 7.213, 1.000, 1.000
0.002, 0.001, 7.077, 1.000, 1.000
0.000, 0.001, 7.179, 1.000, 1.000
0.000, 0.001, 7.139, 1.000, 1.000
0.001, 0.001, 7.134, 1.000, 1.000
0.000, 0.001, 7.263, 1.000, 1.000
0.000, 0.001, 7.270, 1.000, 1.000
0.001, 0.001, 7.345, 1.000, 1.000
0.001, 0.001, 7.380, 1.000, 1.000
0.001, 0.001, 7.417, 1.000, 1.000
0.000, 0.001, 7.528, 1.000, 1.000
0.000, 0.001, 7.440, 1.000, 1.000
0.001, 0.001, 7.522, 1.000, 1.000
0.001, 0.001, 7.378, 1.000, 1.000
0.000, 0.001, 7.586, 1.000, 1.000
0.000, 0.001, 7.606, 1.000, 1.000
0.001, 0.001, 7.504, 1.000, 1.000
0.001, 0.001, 7.500, 1.000, 1.000
0.007, 0.002, 6.871, 1.000, 1.000
0.000, 0.001, 7.180, 1.000, 1.000
0.000, 0.001, 7.540, 1.000, 1.000
0.000, 0.001, 7.525, 1.000, 1.000
0.000, 0.001, 7.478, 1.000, 1.000
0.000, 0.001, 7.691, 1.000, 1.000
0.001, 0.001, 7.596, 1.000, 1.000
0.000, 0.001, 7.782, 1.000, 1.000
0.000, 0.001, 7.750, 1.000, 1.000
0.000, 0.001, 7.658, 1.000, 1.000
0.000, 0.001, 7.831, 1.000, 1.000
0.000, 0.001, 7.678, 1.000, 1.000
0.000, 0.001, 7.751, 1.000, 1.000
0.000, 0.001, 7.958, 1.000, 1.000
0.000, 0.001, 7.967, 1.000, 1.000
0.001, 0.001, 7.762, 1.000, 1.000
0.001, 0.001, 7.966, 1.000, 1.000
0.000, 0.001, 7.886, 1.000, 1.000
0.000, 0.000, 8.030, 1.000, 1.000
0.000, 0.001, 7.849, 1.000, 1.000
0.000, 0.001, 7.951, 1.000, 1.000
0.000, 0.000, 7.903, 1.000, 1.000
0.000, 0.001, 8.063, 1.000, 1.000
0.000, 0.001, 7.953, 1.000, 1.000
0.001, 0.000, 8.078, 1.000, 1.000
0.001, 0.001, 7.870, 1.000, 1.000
0.000, 0.000, 7.946, 1.000, 1.000
0.000, 0.001, 8.130, 1.000, 1.000
0.000, 0.000, 8.179, 1.000, 1.000
0.000, 0.000, 7.995, 1.000, 1.000
0.000, 0.000, 8.079, 1.000, 1.000
0.000, 0.000, 7.955, 1.000, 1.000
0.000, 0.000, 8.125, 1.000, 1.000
0.000, 0.000, 8.199, 1.000, 1.000
0.000, 0.000, 8.229, 1.000, 1.000
0.001, 0.000, 7.964, 1.000, 1.000
0.000, 0.001, 8.165, 1.000, 1.000
0.000, 0.000, 8.167, 1.000, 1.000
0.001, 0.000, 8.072, 1.000, 1.000
0.000, 0.000, 8.226, 1.000, 1.000
0.000, 0.000, 8.153, 1.000, 1.000
0.000, 0.000, 8.191, 1.000, 1.000
0.002, 0.000, 8.083, 1.000, 1.000
0.000, 0.001, 8.071, 1.000, 1.000
0.000, 0.000, 8.256, 1.000, 1.000
0.002, 0.001, 7.974, 1.000, 1.000
0.000, 0.001, 8.166, 1.000, 1.000
0.000, 0.000, 7.997, 1.000, 1.000
0.000, 0.000, 8.166, 1.000, 1.000
0.000, 0.001, 8.209, 1.000, 1.000
0.000, 0.000, 8.387, 1.000, 1.000
0.001, 0.001, 8.124, 1.000, 1.000
0.000, 0.000, 8.134, 1.000, 1.000
0.000, 0.000, 8.290, 1.000, 1.000
0.000, 0.000, 8.353, 1.000, 1.000
0.000, 0.000, 8.353, 1.000, 1.000
0.001, 0.000, 8.182, 1.000, 1.000
0.000, 0.000, 8.357, 1.000, 1.000
0.000, 0.000, 8.406, 1.000, 1.000
0.000, 0.000, 8.355, 1.000, 1.000
0.000, 0.000, 8.334, 1.000, 1.000
0.000, 0.000, 8.477, 1.000, 1.000
0.003, 0.001, 8.058, 1.000, 1.000
0.000, 0.000, 8.267, 1.000, 1.000
0.000, 0.000, 8.354, 1.000, 1.000
0.000, 0.000, 8.411, 1.000, 1.000
0.000, 0.000, 8.397, 1.000, 1.000
0.000, 0.000, 8.485, 1.000, 1.000
0.001, 0.000, 8.330, 1.000, 1.000
0.000, 0.000, 8.401, 1.000, 1.000
0.001, 0.000, 8.315, 1.000, 1.000
0.000, 0.000, 8.520, 1.000, 1.000
0.000, 0.000, 8.473, 1.000, 1.000
0.000, 0.000, 8.499, 1.000, 1.000
0.000, 0.000, 8.683, 1.000, 1.000
0.000, 0.000, 8.667, 1.000, 1.000
0.000, 0.000, 8.638, 1.000, 1.000
0.000, 0.000, 8.781, 1.000, 1.000
0.000, 0.000, 8.613, 1.000, 1.000
0.000, 0.000, 8.712, 1.000, 1.000
0.000, 0.000, 8.649, 1.000, 1.000
0.000, 0.000, 8.591, 1.000, 1.000
0.000, 0.000, 8.808, 1.000, 1.000
0.000, 0.000, 8.937, 1.000, 1.000
0.000, 0.000, 8.942, 1.000, 1.000
0.000, 0.000, 8.777, 1.000, 1.000
0.000, 0.000, 8.734, 1.000, 1.000
0.000, 0.000, 8.861, 1.000, 1.000
0.000, 0.000, 8.814, 1.000, 1.000
0.000, 0.000, 8.982, 1.000, 1.000
0.000, 0.000, 8.858, 1.000, 1.000
0.000, 0.000, 8.981, 1.000, 1.000
0.001, 0.000, 8.868, 1.000, 1.000
0.000, 0.000, 8.843, 1.000, 1.000
0.000, 0.000, 8.982, 1.000, 1.000
0.000, 0.000, 8.923, 1.000, 1.000
0.000, 0.000, 8.899, 1.000, 1.000
0.000, 0.000, 8.891, 1.000, 1.000
0.000, 0.000, 8.822, 1.000, 1.000
0.000, 0.000, 9.089, 1.000, 1.000
0.000, 0.000, 8.983, 1.000, 1.000
0.000, 0.000, 8.942, 1.000, 1.000
0.000, 0.000, 9.058, 1.000, 1.000
0.000, 0.000, 8.844, 1.000, 1.000
0.000, 0.000, 8.992, 1.000, 1.000
0.000, 0.000, 9.127, 1.000, 1.000
0.000, 0.000, 8.921, 1.000, 1.000
0.000, 0.000, 9.170, 1.000, 1.000
0.000, 0.000, 9.115, 1.000, 1.000
0.008, 0.006, 9.057, 1.000, 1.000
0.000, 0.000, 9.044, 1.000, 1.000
0.001, 0.000, 8.998, 1.000, 1.000
0.000, 0.000, 9.159, 1.000, 1.000
0.000, 0.000, 9.158, 1.000, 1.000
0.000, 0.000, 9.109, 1.000, 1.000
0.000, 0.000, 9.138, 1.000, 1.000
0.000, 0.000, 9.180, 1.000, 1.000
0.000, 0.000, 9.165, 1.000, 1.000
0.000, 0.000, 9.193, 1.000, 1.000
0.000, 0.000, 9.112, 1.000, 1.000
0.000, 0.000, 9.142, 1.000, 1.000
0.000, 0.000, 9.127, 1.000, 1.000
0.000, 0.000, 9.197, 1.000, 1.000
0.000, 0.000, 9.358, 1.000, 1.000
0.000, 0.000, 9.085, 1.000, 1.000
0.000, 0.000, 9.197, 1.000, 1.000
0.000, 0.000, 9.427, 1.000, 1.000
0.002, 0.000, 8.945, 1.000, 1.000
0.000, 0.000, 8.816, 1.000, 1.000
0.000, 0.000, 9.101, 1.000, 1.000
0.000, 0.000, 8.956, 1.000, 1.000
0.000, 0.000, 9.216, 1.000, 1.000
0.000, 0.000, 9.120, 1.000, 1.000
0.000, 0.000, 9.053, 1.000, 1.000
0.000, 0.000, 9.103, 1.000, 1.000
0.000, 0.000, 9.248, 1.000, 1.000
0.000, 0.000, 9.214, 1.000, 1.000
0.001, 0.000, 9.044, 1.000, 1.000
0.000, 0.000, 8.965, 1.000, 1.000
0.000, 0.000, 8.988, 1.000, 1.000
0.000, 0.000, 8.967, 1.000, 1.000
0.000, 0.000, 8.962, 1.000, 1.000
0.000, 0.000, 9.230, 1.000, 1.000
0.000, 0.000, 9.210, 1.000, 1.000
0.000, 0.000, 9.141, 1.000, 1.000
0.000, 0.000, 9.194, 1.000, 1.000
0.000, 0.000, 9.181, 1.000, 1.000
0.000, 0.000, 9.246, 1.000, 1.000
0.000, 0.000, 9.366, 1.000, 1.000
0.000, 0.000, 9.310, 1.000, 1.000
0.000, 0.000, 9.341, 1.000, 1.000
0.000, 0.000, 9.308, 1.000, 1.000
0.000, 0.000, 9.130, 1.000, 1.000
0.000, 0.000, 9.293, 1.000, 1.000
0.000, 0.000, 9.267, 1.000, 1.000
0.000, 0.000, 9.492, 1.000, 1.000
0.000, 0.000, 9.433, 1.000, 1.000
0.000, 0.000, 9.313, 1.000, 1.000
0.000, 0.000, 9.393, 1.000, 1.000
0.000, 0.000, 9.315, 1.000, 1.000
0.000, 0.000, 9.338, 1.000, 1.000
0.000, 0.000, 9.435, 1.000, 1.000
0.000, 0.000, 9.467, 1.000, 1.000
0.000, 0.000, 9.518, 1.000, 1.000
0.000, 0.000, 9.432, 1.000, 1.000
0.000, 0.000, 9.338, 1.000, 1.000
0.000, 0.000, 9.493, 1.000, 1.000
0.000, 0.000, 9.324, 1.000, 1.000
0.000, 0.000, 9.438, 1.000, 1.000
0.000, 0.000, 9.404, 1.000, 1.000
0.002, 0.000, 9.005, 1.000, 1.000
0.000, 0.000, 9.086, 1.000, 1.000
0.000, 0.000, 8.973, 1.000, 1.000
0.000, 0.000, 9.010, 1.000, 1.000
0.000, 0.000, 9.268, 1.000, 1.000
0.000, 0.000, 9.273, 1.000, 1.000
0.000, 0.000, 9.427, 1.000, 1.000
0.000, 0.000, 9.270, 1.000, 1.000
0.023, 0.007, 7.442, 0.984, 1.000
0.000, 0.001, 8.419, 1.000, 1.000
0.000, 0.000, 8.823, 1.000, 1.000
0.000, 0.000, 9.054, 1.000, 1.000
0.001, 0.000, 8.820, 1.000, 1.000
0.000, 0.000, 8.804, 1.000, 1.000
0.000, 0.000, 8.894, 1.000, 1.000
0.000, 0.000, 9.052, 1.000, 1.000
0.000, 0.000, 8.941, 1.000, 1.000
0.000, 0.000, 9.015, 1.000, 1.000
0.000, 0.000, 9.143, 1.000, 1.000
0.000, 0.000, 9.048, 1.000, 1.000
0.000, 0.000, 9.225, 1.000, 1.000
0.000, 0.000, 9.184, 1.000, 1.000
0.000, 0.000, 9.154, 1.000, 1.000
0.000, 0.000, 9.260, 1.000, 1.000
0.000, 0.000, 9.228, 1.000, 1.000
0.000, 0.000, 9.174, 1.000, 1.000
0.000, 0.000, 9.276, 1.000, 1.000
0.000, 0.000, 9.163, 1.000, 1.000
0.000, 0.000, 9.223, 1.000, 1.000
0.000, 0.000, 9.276, 1.000, 1.000
0.000, 0.000, 9.532, 1.000, 1.000
0.000, 0.000, 9.324, 1.000, 1.000
0.000, 0.000, 9.474, 1.000, 1.000
0.000, 0.000, 9.536, 1.000, 1.000
0.000, 0.000, 9.346, 1.000, 1.000
0.000, 0.000, 9.364, 1.000, 1.000
0.000, 0.000, 9.464, 1.000, 1.000
0.000, 0.000, 9.413, 1.000, 1.000
0.000, 0.000, 9.463, 1.000, 1.000
0.000, 0.000, 9.599, 1.000, 1.000
0.000, 0.000, 9.443, 1.000, 1.000
0.000, 0.000, 9.602, 1.000, 1.000
0.000, 0.000, 9.669, 1.000, 1.000
0.000, 0.000, 9.514, 1.000, 1.000
0.000, 0.000, 9.627, 1.000, 1.000
0.000, 0.000, 9.566, 1.000, 1.000
0.000, 0.000, 9.534, 1.000, 1.000
0.001, 0.000, 9.531, 1.000, 1.000
0.000, 0.000, 9.393, 1.000, 1.000
0.000, 0.000, 9.685, 1.000, 1.000
0.000, 0.000, 9.566, 1.000, 1.000
0.000, 0.000, 9.580, 1.000, 1.000
0.000, 0.000, 9.340, 1.000, 1.000
0.000, 0.000, 9.673, 1.000, 1.000
0.000, 0.000, 9.525, 1.000, 1.000
0.000, 0.000, 9.484, 1.000, 1.000
0.000, 0.000, 9.570, 1.000, 1.000
0.000, 0.000, 9.696, 1.000, 1.000
0.000, 0.000, 9.535, 1.000, 1.000
0.000, 0.000, 9.635, 1.000, 1.000
0.000, 0.000, 9.805, 1.000, 1.000
0.000, 0.000, 9.686, 1.000, 1.000
0.000, 0.000, 9.696, 1.000, 1.000
0.000, 0.000, 9.675, 1.000, 1.000
0.000, 0.000, 9.912, 1.000, 1.000
0.000, 0.000, 9.800, 1.000, 1.000
0.000, 0.000, 9.648, 1.000, 1.000
0.000, 0.000, 9.630, 1.000, 1.000
0.000, 0.000, 9.756, 1.000, 1.000
0.000, 0.000, 9.790, 1.000, 1.000
0.000, 0.000, 9.886, 1.000, 1.000
0.000, 0.000, 9.769, 1.000, 1.000
0.000, 0.000, 9.715, 1.000, 1.000
0.000, 0.000, 9.737, 1.000, 1.000
0.000, 0.000, 9.842, 1.000, 1.000
0.000, 0.000, 9.884, 1.000, 1.000
0.000, 0.000, 9.902, 1.000, 1.000
0.000, 0.000, 9.765, 1.000, 1.000
0.000, 0.000, 9.806, 1.000, 1.000
0.000, 0.000, 9.831, 1.000, 1.000
0.000, 0.000, 9.810, 1.000, 1.000
0.000, 0.000, 9.997, 1.000, 1.000
0.000, 0.000, 9.754, 1.000, 1.000
0.000, 0.000, 9.834, 1.000, 1.000
0.005, 0.000, 7.911, 1.000, 1.000
0.000, 0.001, 8.045, 1.000, 1.000
0.000, 0.000, 8.809, 1.000, 1.000
0.001, 0.000, 8.571, 1.000, 1.000
0.000, 0.000, 8.796, 1.000, 1.000
0.000, 0.000, 9.213, 1.000, 1.000
0.000, 0.000, 9.221, 1.000, 1.000
0.000, 0.000, 9.442, 1.000, 1.000
0.000, 0.000, 9.411, 1.000, 1.000
0.000, 0.000, 9.410, 1.000, 1.000
0.000, 0.000, 9.539, 1.000, 1.000
0.000, 0.000, 9.560, 1.000, 1.000
0.000, 0.000, 9.581, 1.000, 1.000
0.000, 0.000, 9.624, 1.000, 1.000
0.000, 0.000, 9.823, 1.000, 1.000
0.000, 0.000, 9.872, 1.000, 1.000
0.000, 0.000, 9.963, 1.000, 1.000
0.000, 0.000, 9.730, 1.000, 1.000
0.000, 0.000, 9.679, 1.000, 1.000
0.000, 0.000, 9.810, 1.000, 1.000
0.000, 0.000, 9.755, 1.000, 1.000
0.000, 0.000, 9.639, 1.000, 1.000
0.000, 0.000, 9.896, 1.000, 1.000
0.000, 0.000, 10.121, 1.000, 1.000
0.000, 0.000, 10.026, 1.000, 1.000
0.000, 0.000, 9.961, 1.000, 1.000
0.000, 0.000, 10.001, 1.000, 1.000
0.000, 0.000, 9.984, 1.000, 1.000
0.000, 0.000, 9.934, 1.000, 1.000
0.000, 0.000, 10.129, 1.000, 1.000
0.000, 0.000, 9.913, 1.000, 1.000
0.000, 0.000, 10.128, 1.000, 1.000
0.000, 0.000, 9.880, 1.000, 1.000
0.000, 0.000, 9.922, 1.000, 1.000
0.000, 0.000, 10.099, 1.000, 1.000
0.000, 0.000, 10.129, 1.000, 1.000
0.000, 0.000, 10.088, 1.000, 1.000
0.000, 0.000, 10.045, 1.000, 1.000
0.000, 0.000, 10.174, 1.000, 1.000
0.001, 0.000, 10.013, 1.000, 1.000
0.000, 0.000, 9.935, 1.000, 1.000
0.000, 0.000, 10.030, 1.000, 1.000
0.000, 0.000, 10.093, 1.000, 1.000
0.000, 0.000, 10.176, 1.000, 1.000
0.000, 0.000, 9.971, 1.000, 1.000
0.000, 0.000, 10.091, 1.000, 1.000
0.000, 0.000, 10.085, 1.000, 1.000
0.000, 0.000, 10.086, 1.000, 1.000
0.000, 0.000, 10.165, 1.000, 1.000
0.000, 0.000, 10.210, 1.000, 1.000
0.000, 0.000, 10.139, 1.000, 1.000
0.000, 0.000, 10.183, 1.000, 1.000
0.000, 0.000, 10.314, 1.000, 1.000
0.000, 0.000, 10.321, 1.000, 1.000
0.000, 0.000, 10.092, 1.000, 1.000
0.000, 0.000, 10.162, 1.000, 1.000
0.000, 0.000, 10.154, 1.000, 1.000
0.000, 0.000, 10.047, 1.000, 1.000
0.000, 0.000, 10.181, 1.000, 1.000
0.000, 0.000, 10.112, 1.000, 1.000
0.000, 0.000, 10.140, 1.000, 1.000
0.000, 0.000, 10.234, 1.000, 1.000
0.000, 0.000, 10.358, 1.000, 1.000
0.000, 0.000, 10.248, 1.000, 1.000
0.000, 0.000, 10.213, 1.000, 1.000
0.000, 0.000, 10.357, 1.000, 1.000
0.000, 0.000, 10.281, 1.000, 1.000
0.000, 0.000, 10.205, 1.000, 1.000
0.000, 0.000, 10.378, 1.000, 1.000
0.000, 0.000, 10.426, 1.000, 1.000
0.000, 0.000, 10.297, 1.000, 1.000
0.000, 0.000, 10.479, 1.000, 1.000
0.000, 0.000, 10.393, 1.000, 1.000
0.000, 0.000, 10.426, 1.000, 1.000
0.000, 0.000, 10.327, 1.000, 1.000
0.000, 0.000, 10.456, 1.000, 1.000
0.000, 0.000, 10.385, 1.000, 1.000
0.000, 0.000, 10.372, 1.000, 1.000
0.000, 0.000, 10.543, 1.000, 1.000
0.000, 0.000, 10.368, 1.000, 1.000
0.000, 0.000, 10.476, 1.000, 1.000
0.000, 0.000, 10.570, 1.000, 1.000
0.000, 0.000, 10.602, 1.000, 1.000
0.000, 0.000, 10.510, 1.000, 1.000
0.000, 0.000, 10.584, 1.000, 1.000
0.000, 0.000, 10.477, 1.000, 1.000
0.000, 0.000, 10.540, 1.000, 1.000
0.000, 0.000, 10.397, 1.000, 1.000
0.000, 0.000, 10.562, 1.000, 1.000
0.000, 0.000, 10.549, 1.000, 1.000
0.000, 0.000, 10.317, 1.000, 1.000
0.000, 0.000, 10.501, 1.000, 1.000
0.000, 0.000, 10.644, 1.000, 1.000
0.000, 0.000, 10.600, 1.000, 1.000
0.000, 0.000, 10.426, 1.000, 1.000
0.000, 0.000, 10.616, 1.000, 1.000
0.000, 0.000, 10.518, 1.000, 1.000
0.000, 0.000, 10.530, 1.000, 1.000
0.000, 0.000, 10.464, 1.000, 1.000
0.000, 0.000, 10.510, 1.000, 1.000
0.000, 0.000, 10.498, 1.000, 1.000
0.000, 0.000, 10.692, 1.000, 1.000
0.000, 0.000, 10.452, 1.000, 1.000
0.000, 0.000, 10.588, 1.000, 1.000
0.000, 0.000, 10.532, 1.000, 1.000
0.000, 0.000, 10.759, 1.000, 1.000
0.000, 0.000, 10.590, 1.000, 1.000
0.000, 0.000, 10.587, 1.000, 1.000
0.000, 0.000, 10.491, 1.000, 1.000
0.000, 0.000, 10.634, 1.000, 1.000
0.000, 0.000, 10.612, 1.000, 1.000
0.009, 0.001, 7.341, 1.000, 1.000
0.000, 0.001, 8.690, 1.000, 1.000
0.000, 0.000, 9.486, 1.000, 1.000
0.000, 0.000, 9.697, 1.000, 1.000
0.000, 0.000, 9.671, 1.000, 1.000
0.000, 0.000, 9.780, 1.000, 1.000
0.000, 0.000, 9.783, 1.000, 1.000
0.000, 0.000, 10.064, 1.000, 1.000
0.000, 0.000, 9.858, 1.000, 1.000
0.000, 0.000, 10.117, 1.000, 1.000
0.000, 0.000, 10.006, 1.000, 1.000
0.000, 0.000, 10.101, 1.000, 1.000
0.000, 0.000, 10.133, 1.000, 1.000
0.000, 0.000, 10.060, 1.000, 1.000
0.000, 0.000, 10.059, 1.000, 1.000
0.000, 0.000, 10.186, 1.000, 1.000
0.000, 0.000, 10.202, 1.000, 1.000
0.000, 0.000, 10.193, 1.000, 1.000
0.000, 0.000, 10.141, 1.000, 1.000
0.000, 0.000, 10.286, 1.000, 1.000
0.000, 0.000, 10.086, 1.000, 1.000
0.000, 0.000, 10.225, 1.000, 1.000
0.000, 0.000, 10.235, 1.000, 1.000
0.000, 0.000, 10.365, 1.000, 1.000
0.000, 0.000, 10.481, 1.000, 1.000
0.000, 0.000, 10.450, 1.000, 1.000
0.000, 0.000, 10.441, 1.000, 1.000
0.000, 0.000, 10.394, 1.000, 1.000
0.000, 0.000, 10.242, 1.000, 1.000
0.000, 0.000, 10.607, 1.000, 1.000
0.000, 0.000, 10.204, 1.000, 1.000
0.000, 0.000, 10.198, 1.000, 1.000
0.000, 0.000, 10.125, 1.000, 1.000
0.000, 0.000, 10.277, 1.000, 1.000
0.000, 0.000, 10.477, 1.000, 1.000
0.000, 0.000, 10.032, 1.000, 1.000
0.000, 0.000, 10.027, 1.000, 1.000
0.000, 0.000, 10.396, 1.000, 1.000
0.000, 0.000, 10.148, 1.000, 1.000
0.000, 0.000, 10.118, 1.000, 1.000
0.000, 0.000, 10.266, 1.000, 1.000
0.000, 0.000, 10.124, 1.000, 1.000
0.000, 0.000, 10.088, 1.000, 1.000
0.000, 0.000, 10.095, 1.000, 1.000
0.000, 0.000, 10.298, 1.000, 1.000
0.000, 0.000, 10.279, 1.000, 1.000
0.000, 0.000, 10.179, 1.000, 1.000
0.000, 0.000, 10.253, 1.000, 1.000
0.000, 0.000, 10.376, 1.000, 1.000
0.000, 0.000, 10.320, 1.000, 1.000
0.000, 0.000, 10.433, 1.000, 1.000
0.000, 0.000, 10.295, 1.000, 1.000
0.000, 0.000, 10.337, 1.000, 1.000
0.000, 0.000, 10.445, 1.000, 1.000
0.000, 0.000, 10.333, 1.000, 1.000
0.000, 0.000, 10.454, 1.000, 1.000
0.000, 0.000, 10.442, 1.000, 1.000
0.000, 0.000, 10.392, 1.000, 1.000
0.000, 0.000, 10.396, 1.000, 1.000
0.000, 0.000, 10.615, 1.000, 1.000
0.000, 0.000, 10.575, 1.000, 1.000
0.000, 0.000, 10.572, 1.000, 1.000
0.000, 0.000, 10.564, 1.000, 1.000
0.000, 0.000, 10.723, 1.000, 1.000
0.000, 0.000, 10.577, 1.000, 1.000
0.000, 0.000, 10.583, 1.000, 1.000
0.000, 0.000, 10.527, 1.000, 1.000
0.000, 0.000, 10.481, 1.000, 1.000
0.000, 0.000, 10.556, 1.000, 1.000
0.000, 0.000, 10.450, 1.000, 1.000
0.000, 0.000, 10.549, 1.000, 1.000
0.000, 0.000, 10.583, 1.000, 1.000
0.000, 0.000, 10.625, 1.000, 1.000
0.000, 0.000, 10.650, 1.000, 1.000
0.000, 0.000, 10.477, 1.000, 1.000
0.000, 0.000, 10.518, 1.000, 1.000
0.000, 0.000, 10.591, 1.000, 1.000
0.000, 0.000, 10.646, 1.000, 1.000
0.000, 0.000, 10.684, 1.000, 1.000
0.000, 0.000, 10.667, 1.000, 1.000
0.000, 0.000, 10.698, 1.000, 1.000
0.000, 0.000, 10.842, 1.000, 1.000
0.000, 0.000, 10.771, 1.000, 1.000
0.000, 0.000, 10.755, 1.000, 1.000
0.000, 0.000, 10.626, 1.000, 1.000
0.000, 0.000, 10.798, 1.000, 1.000
0.000, 0.000, 10.735, 1.000, 1.000
0.000, 0.000, 10.745, 1.000, 1.000
0.000, 0.000, 10.697, 1.000, 1.000
0.000, 0.000, 10.704, 1.000, 1.000
0.000, 0.000, 10.816, 1.000, 1.000
0.000, 0.000, 10.814, 1.000, 1.000
0.000, 0.000, 10.916, 1.000, 1.000
0.000, 0.000, 10.955, 1.000, 1.000
0.000, 0.000, 10.866, 1.000, 1.000
0.000, 0.000, 10.854, 1.000, 1.000
0.000, 0.000, 10.813, 1.000, 1.000
0.000, 0.000, 10.825, 1.000, 1.000
0.000, 0.000, 10.866, 1.000, 1.000
0.000, 0.000, 10.654, 1.000, 1.000
0.000, 0.000, 10.728, 1.000, 1.000
0.000, 0.000, 10.906, 1.000, 1.000
0.000, 0.000, 10.836, 1.000, 1.000
0.000, 0.000, 10.840, 1.000, 1.000
0.000, 0.000, 10.840, 1.000, 1.000
0.000, 0.000, 10.871, 1.000, 1.000
0.000, 0.000, 10.847, 1.000, 1.000
0.000, 0.000, 10.844, 1.000, 1.000
0.000, 0.000, 10.970, 1.000, 1.000
0.000, 0.000, 10.740, 1.000, 1.000
0.000, 0.000, 10.973, 1.000, 1.000
0.000, 0.000, 11.181, 1.000, 1.000
0.000, 0.000, 11.050, 1.000, 1.000
0.000, 0.000, 10.970, 1.000, 1.000
0.000, 0.000, 11.072, 1.000, 1.000
0.000, 0.000, 10.932, 1.000, 1.000
0.000, 0.000, 10.778, 1.000, 1.000
0.000, 0.000, 11.072, 1.000, 1.000
0.000, 0.000, 11.054, 1.000, 1.000
0.000, 0.000, 11.016, 1.000, 1.000
0.000, 0.000, 11.113, 1.000, 1.000
0.000, 0.000, 11.136, 1.000, 1.000
0.000, 0.000, 11.000, 1.000, 1.000
0.000, 0.000, 10.993, 1.000, 1.000
0.000, 0.000, 11.287, 1.000, 1.000
0.000, 0.000, 11.033, 1.000, 1.000
0.000, 0.000, 11.281, 1.000, 1.000
0.000, 0.000, 11.218, 1.000, 1.000
0.000, 0.000, 10.950, 1.000, 1.000
0.000, 0.000, 11.143, 1.000, 1.000
0.000, 0.000, 11.006, 1.000, 1.000
0.000, 0.000, 11.021, 1.000, 1.000
0.000, 0.000, 10.962, 1.000, 1.000
0.000, 0.000, 11.161, 1.000, 1.000
0.000, 0.000, 11.088, 1.000, 1.000
0.000, 0.000, 10.992, 1.000, 1.000
0.000, 0.000, 11.051, 1.000, 1.000
0.000, 0.000, 11.285, 1.000, 1.000
0.000, 0.000, 11.232, 1.000, 1.000
0.000, 0.000, 11.167, 1.000, 1.000
0.000, 0.000, 10.887, 1.000, 1.000
0.000, 0.000, 11.207, 1.000, 1.000
0.000, 0.000, 11.084, 1.000, 1.000
0.000, 0.000, 11.148, 1.000, 1.000
0.000, 0.000, 11.028, 1.000, 1.000
0.000, 0.000, 11.192, 1.000, 1.000
0.000, 0.000, 11.135, 1.000, 1.000
0.000, 0.000, 11.124, 1.000, 1.000
0.000, 0.000, 11.189, 1.000, 1.000
0.000, 0.000, 11.419, 1.000, 1.000
0.000, 0.000, 11.291, 1.000, 1.000
0.000, 0.000, 11.109, 1.000, 1.000
0.000, 0.000, 11.103, 1.000, 1.000
0.000, 0.000, 11.303, 1.000, 1.000
0.000, 0.000, 11.235, 1.000, 1.000
0.000, 0.000, 11.211, 1.000, 1.000
0.000, 0.000, 11.243, 1.000, 1.000
0.000, 0.000, 11.261, 1.000, 1.000
0.000, 0.000, 11.284, 1.000, 1.000
0.000, 0.000, 11.225, 1.000, 1.000
0.000, 0.000, 11.267, 1.000, 1.000
0.000, 0.000, 11.342, 1.000, 1.000
0.000, 0.000, 11.218, 1.000, 1.000
0.000, 0.000, 11.224, 1.000, 1.000
0.000, 0.000, 11.320, 1.000, 1.000
0.000, 0.000, 11.306, 1.000, 1.000
0.000, 0.000, 11.346, 1.000, 1.000
0.000, 0.000, 11.249, 1.000, 1.000
0.000, 0.000, 11.187, 1.000, 1.000
0.000, 0.000, 11.352, 1.000, 1.000
0.000, 0.000, 11.142, 1.000, 1.000
0.000, 0.000, 11.245, 1.000, 1.000
0.000, 0.000, 11.185, 1.000, 1.000
0.000, 0.000, 11.408, 1.000, 1.000
0.000, 0.000, 11.343, 1.000, 1.000
0.000, 0.000, 11.488, 1.000, 1.000
0.000, 0.000, 11.274, 1.000, 1.000
0.000, 0.000, 11.520, 1.000, 1.000
0.000, 0.000, 11.486, 1.000, 1.000
0.000, 0.000, 11.322, 1.000, 1.000
0.000, 0.000, 11.360, 1.000, 1.000
0.000, 0.000, 11.262, 1.000, 1.000
0.000, 0.000, 11.179, 1.000, 1.000
0.000, 0.000, 11.445, 1.000, 1.000
0.000, 0.000, 11.257, 1.000, 1.000
0.000, 0.000, 11.434, 1.000, 1.000
0.000, 0.000, 11.282, 1.000, 1.000
0.000, 0.000, 11.437, 1.000, 1.000
0.000, 0.000, 11.372, 1.000, 1.000
0.000, 0.000, 11.302, 1.000, 1.000
0.000, 0.000, 11.371, 1.000, 1.000
0.000, 0.000, 11.462, 1.000, 1.000
0.000, 0.000, 11.494, 1.000, 1.000
0.000, 0.000, 11.550, 1.000, 1.000
0.001, 0.000, 10.868, 1.000, 1.000
0.000, 0.000, 10.677, 1.000, 1.000
0.000, 0.000, 10.475, 1.000, 1.000
0.000, 0.000, 10.815, 1.000, 1.000
0.000, 0.000, 11.108, 1.000, 1.000
0.000, 0.000, 11.092, 1.000, 1.000
0.000, 0.000, 11.099, 1.000, 1.000
0.000, 0.000, 11.115, 1.000, 1.000
0.000, 0.000, 11.029, 1.000, 1.000
0.000, 0.000, 11.214, 1.000, 1.000
0.000, 0.000, 10.881, 1.000, 1.000
0.000, 0.000, 10.997, 1.000, 1.000
0.000, 0.000, 11.166, 1.000, 1.000
0.000, 0.000, 11.261, 1.000, 1.000
0.000, 0.000, 11.001, 1.000, 1.000
0.000, 0.000, 11.179, 1.000, 1.000
0.000, 0.000, 11.179, 1.000, 1.000
0.000, 0.000, 11.263, 1.000, 1.000
0.000, 0.000, 11.243, 1.000, 1.000
0.000, 0.000, 11.385, 1.000, 1.000
0.000, 0.000, 11.279, 1.000, 1.000
0.000, 0.000, 11.069, 1.000, 1.000
0.000, 0.000, 11.466, 1.000, 1.000
0.000, 0.000, 11.392, 1.000, 1.000
0.000, 0.000, 10.649, 1.000, 1.000
0.000, 0.000, 10.592, 1.000, 1.000
0.000, 0.000, 10.856, 1.000, 1.000
0.000, 0.000, 10.819, 1.000, 1.000
0.000, 0.000, 10.912, 1.000, 1.000
0.000, 0.000, 10.905, 1.000, 1.000
0.000, 0.000, 11.111, 1.000, 1.000
0.000, 0.000, 10.892, 1.000, 1.000
0.000, 0.000, 11.327, 1.000, 1.000
0.000, 0.000, 11.264, 1.000, 1.000
0.000, 0.000, 11.466, 1.000, 1.000
0.000, 0.000, 11.337, 1.000, 1.000
0.000, 0.000, 11.328, 1.000, 1.000
0.000, 0.000, 11.287, 1.000, 1.000
0.000, 0.000, 11.518, 1.000, 1.000
0.000, 0.000, 11.349, 1.000, 1.000
0.000, 0.000, 11.367, 1.000, 1.000
0.000, 0.000, 11.389, 1.000, 1.000
0.000, 0.000, 11.507, 1.000, 1.000
0.000, 0.000, 11.322, 1.000, 1.000
0.000, 0.000, 11.422, 1.000, 1.000
0.000, 0.000, 11.092, 1.000, 1.000
0.000, 0.000, 11.357, 1.000, 1.000
0.000, 0.000, 11.393, 1.000, 1.000
0.000, 0.000, 11.358, 1.000, 1.000
0.000, 0.000, 11.474, 1.000, 1.000
0.000, 0.000, 11.327, 1.000, 1.000
0.000, 0.000, 11.495, 1.000, 1.000
0.000, 0.000, 11.458, 1.000, 1.000
0.000, 0.000, 11.300, 1.000, 1.000
0.000, 0.000, 11.557, 1.000, 1.000
0.000, 0.000, 11.397, 1.000, 1.000
0.000, 0.000, 11.525, 1.000, 1.000
0.000, 0.000, 11.568, 1.000, 1.000
0.000, 0.000, 11.353, 1.000, 1.000
0.000, 0.000, 11.437, 1.000, 1.000
0.000, 0.000, 11.535, 1.000, 1.000
0.000, 0.000, 11.557, 1.000, 1.000
0.000, 0.000, 11.514, 1.000, 1.000
0.000, 0.000, 11.434, 1.000, 1.000
0.000, 0.000, 11.531, 1.000, 1.000
0.000, 0.000, 11.272, 1.000, 1.000
0.000, 0.000, 11.350, 1.000, 1.000
0.000, 0.000, 11.447, 1.000, 1.000
0.000, 0.000, 11.412, 1.000, 1.000
0.000, 0.000, 11.526, 1.000, 1.000
0.000, 0.000, 11.494, 1.000, 1.000
0.000, 0.000, 11.413, 1.000, 1.000
0.000, 0.000, 11.482, 1.000, 1.000
0.000, 0.000, 11.508, 1.000, 1.000
0.000, 0.000, 11.345, 1.000, 1.000
0.000, 0.000, 11.670, 1.000, 1.000
0.000, 0.000, 11.369, 1.000, 1.000
0.000, 0.000, 11.553, 1.000, 1.000
0.000, 0.000, 11.455, 1.000, 1.000
0.000, 0.000, 11.682, 1.000, 1.000
0.000, 0.000, 11.540, 1.000, 1.000
0.000, 0.000, 11.690, 1.000, 1.000
0.000, 0.000, 11.619, 1.000, 1.000
0.000, 0.000, 11.578, 1.000, 1.000
0.000, 0.000, 11.632, 1.000, 1.000
0.000, 0.000, 11.631, 1.000, 1.000
0.000, 0.000, 11.697, 1.000, 1.000
0.000, 0.000, 11.505, 1.000, 1.000
0.000, 0.000, 11.512, 1.000, 1.000
0.000, 0.000, 11.803, 1.000, 1.000
0.000, 0.000, 11.721, 1.000, 1.000
0.000, 0.000, 11.655, 1.000, 1.000
0.000, 0.000, 11.615, 1.000, 1.000
0.000, 0.000, 11.673, 1.000, 1.000
0.000, 0.000, 11.602, 1.000, 1.000
0.000, 0.000, 11.563, 1.000, 1.000
0.000, 0.000, 11.625, 1.000, 1.000
0.000, 0.000, 11.717, 1.000, 1.000
0.000, 0.000, 11.678, 1.000, 1.000
0.000, 0.000, 11.812, 1.000, 1.000
0.000, 0.000, 11.739, 1.000, 1.000
0.000, 0.000, 11.715, 1.000, 1.000
0.000, 0.000, 11.541, 1.000, 1.000
0.000, 0.000, 11.730, 1.000, 1.000
0.000, 0.000, 11.564, 1.000, 1.000
0.000, 0.000, 11.665, 1.000, 1.000
0.000, 0.000, 11.797, 1.000, 1.000
0.000, 0.000, 11.660, 1.000, 1.000
0.000, 0.000, 11.686, 1.000, 1.000
0.000, 0.000, 11.879, 1.000, 1.000
0.000, 0.000, 11.954, 1.000, 1.000
0.000, 0.000, 11.875, 1.000, 1.000
0.000, 0.000, 11.676, 1.000, 1.000
0.000, 0.000, 11.736, 1.000, 1.000
0.000, 0.000, 11.755, 1.000, 1.000
0.000, 0.000, 11.667, 1.000, 1.000
0.000, 0.000, 11.819, 1.000, 1.000
0.000, 0.000, 12.072, 1.000, 1.000
0.000, 0.000, 11.931, 1.000, 1.000
0.000, 0.000, 11.653, 1.000, 1.000
0.000, 0.000, 11.640, 1.000, 1.000
0.000, 0.000, 11.568, 1.000, 1.000
0.000, 0.000, 11.839, 1.000, 1.000
0.000, 0.000, 11.731, 1.000, 1.000
0.000, 0.000, 11.753, 1.000, 1.000
0.000, 0.000, 11.885, 1.000, 1.000
0.000, 0.000, 11.778, 1.000, 1.000
0.000, 0.000, 11.949, 1.000, 1.000
0.000, 0.000, 11.710, 1.000, 1.000
0.000, 0.000, 11.851, 1.000, 1.000
0.000, 0.000, 11.994, 1.000, 1.000
0.000, 0.000, 11.891, 1.000, 1.000
0.000, 0.000, 11.999, 1.000, 1.000
0.000, 0.000, 11.965, 1.000, 1.000
0.000, 0.000, 11.719, 1.000, 1.000
0.000, 0.000, 11.906, 1.000, 1.000
0.000, 0.000, 11.969, 1.000, 1.000
0.000, 0.000, 11.857, 1.000, 1.000
0.000, 0.000, 11.943, 1.000, 1.000
0.000, 0.000, 11.791, 1.000, 1.000
0.000, 0.000, 11.898, 1.000, 1.000
0.000, 0.000, 11.962, 1.000, 1.000
0.000, 0.000, 11.922, 1.000, 1.000
0.000, 0.000, 11.928, 1.000, 1.000
0.000, 0.000, 12.013, 1.000, 1.000
0.000, 0.000, 11.903, 1.000, 1.000
0.000, 0.000, 11.871, 1.000, 1.000
0.000, 0.000, 11.993, 1.000, 1.000
0.000, 0.000, 12.000, 1.000, 1.000
0.000, 0.000, 12.026, 1.000, 1.000
0.000, 0.000, 11.771, 1.000, 1.000
0.000, 0.000, 11.941, 1.000, 1.000
0.000, 0.000, 12.024, 1.000, 1.000
0.000, 0.000, 11.948, 1.000, 1.000
0.000, 0.000, 12.131, 1.000, 1.000
0.000, 0.000, 12.041, 1.000, 1.000
0.000, 0.000, 11.984, 1.000, 1.000
0.000, 0.000, 12.052, 1.000, 1.000
0.000, 0.000, 11.983, 1.000, 1.000
0.000, 0.000, 11.938, 1.000, 1.000
0.000, 0.000, 12.058, 1.000, 1.000
0.000, 0.000, 12.067, 1.000, 1.000
0.000, 0.000, 12.094, 1.000, 1.000
0.000, 0.000, 11.939, 1.000, 1.000
0.000, 0.000, 12.115, 1.000, 1.000
0.000, 0.000, 12.259, 1.000, 1.000
0.000, 0.000, 12.087, 1.000, 1.000
0.000, 0.000, 12.048, 1.000, 1.000
0.000, 0.000, 12.140, 1.000, 1.000
0.000, 0.000, 12.105, 1.000, 1.000
0.000, 0.000, 12.022, 1.000, 1.000
0.000, 0.000, 12.058, 1.000, 1.000
0.000, 0.000, 11.914, 1.000, 1.000
0.000, 0.000, 12.205, 1.000, 1.000
0.000, 0.000, 12.213, 1.000, 1.000
0.000, 0.000, 12.013, 1.000, 1.000
0.000, 0.000, 11.929, 1.000, 1.000
0.000, 0.000, 12.139, 1.000, 1.000
0.000, 0.000, 12.048, 1.000, 1.000
0.000, 0.000, 12.092, 1.000, 1.000
0.000, 0.000, 11.992, 1.000, 1.000
0.000, 0.000, 12.016, 1.000, 1.000
0.000, 0.000, 11.941, 1.000, 1.000
0.000, 0.000, 12.031, 1.000, 1.000
0.000, 0.000, 12.227, 1.000, 1.000
0.000, 0.000, 12.038, 1.000, 1.000
0.000, 0.000, 12.222, 1.000, 1.000, 98.556
0.000, 0.000, 12.196, 1.000, 1.000
0.000, 0.000, 12.180, 1.000, 1.000
0.000, 0.000, 12.083, 1.000, 1.000
0.000, 0.000, 12.128, 1.000, 1.000
0.000, 0.000, 12.313, 1.000, 1.000
0.000, 0.000, 12.195, 1.000, 1.000
0.000, 0.000, 12.191, 1.000, 1.000
0.000, 0.000, 12.029, 1.000, 1.000
0.000, 0.000, 12.241, 1.000, 1.000
0.000, 0.000, 12.094, 1.000, 1.000
0.000, 0.000, 12.264, 1.000, 1.000
0.000, 0.000, 12.077, 1.000, 1.000
0.000, 0.000, 12.154, 1.000, 1.000
0.000, 0.000, 12.277, 1.000, 1.000
0.000, 0.000, 12.110, 1.000, 1.000
0.000, 0.000, 12.116, 1.000, 1.000
0.000, 0.000, 12.159, 1.000, 1.000
0.000, 0.000, 12.111, 1.000, 1.000
0.000, 0.000, 12.138, 1.000, 1.000
0.000, 0.000, 12.281, 1.000, 1.000
0.000, 0.000, 12.299, 1.000, 1.000
0.000, 0.000, 12.277, 1.000, 1.000
0.000, 0.000, 12.221, 1.000, 1.000
0.000, 0.000, 12.183, 1.000, 1.000
0.000, 0.000, 11.940, 1.000, 1.000
0.000, 0.000, 12.037, 1.000, 1.000
0.000, 0.000, 12.025, 1.000, 1.000
0.000, 0.000, 12.068, 1.000, 1.000
0.000, 0.000, 11.938, 1.000, 1.000
0.000, 0.000, 11.868, 1.000, 1.000
0.000, 0.000, 12.114, 1.000, 1.000
0.000, 0.000, 12.069, 1.000, 1.000
0.000, 0.000, 12.048, 1.000, 1.000
0.000, 0.000, 12.056, 1.000, 1.000
0.000, 0.000, 12.100, 1.000, 1.000
0.000, 0.000, 12.060, 1.000, 1.000
0.000, 0.000, 12.142, 1.000, 1.000
0.000, 0.000, 11.995, 1.000, 1.000
0.000, 0.000, 12.101, 1.000, 1.000
0.000, 0.000, 12.216, 1.000, 1.000
0.000, 0.000, 12.216, 1.000, 1.000
0.000, 0.000, 12.264, 1.000, 1.000
0.000, 0.000, 12.271, 1.000, 1.000
0.000, 0.000, 12.498, 1.000, 1.000
0.000, 0.000, 12.298, 1.000, 1.000
0.000, 0.000, 12.144, 1.000, 1.000
0.000, 0.000, 12.117, 1.000, 1.000
0.000, 0.000, 12.115, 1.000, 1.000
0.000, 0.000, 12.241, 1.000, 1.000
0.000, 0.000, 12.379, 1.000, 1.000
0.000, 0.000, 12.321, 1.000, 1.000
0.000, 0.000, 12.164, 1.000, 1.000
0.000, 0.000, 12.076, 1.000, 1.000
0.000, 0.000, 12.049, 1.000, 1.000
0.000, 0.000, 12.196, 1.000, 1.000
0.000, 0.000, 12.144, 1.000, 1.000
0.000, 0.000, 11.942, 1.000, 1.000
0.000, 0.000, 12.248, 1.000, 1.000
0.000, 0.000, 12.000, 1.000, 1.000
0.000, 0.000, 12.068, 1.000, 1.000
0.000, 0.000, 12.177, 1.000, 1.000
0.000, 0.000, 12.175, 1.000, 1.000
0.000, 0.000, 12.071, 1.000, 1.000
0.000, 0.000, 12.107, 1.000, 1.000
0.000, 0.000, 12.110, 1.000, 1.000
0.000, 0.000, 12.142, 1.000, 1.000
0.000, 0.000, 12.183, 1.000, 1.000
0.000, 0.000, 12.391, 1.000, 1.000
0.000, 0.000, 12.129, 1.000, 1.000
0.000, 0.000, 12.006, 1.000, 1.000
0.000, 0.000, 12.255, 1.000, 1.000
0.000, 0.000, 12.226, 1.000, 1.000
0.000, 0.000, 12.233, 1.000, 1.000
0.000, 0.000, 12.339, 1.000, 1.000
0.000, 0.000, 12.078, 1.000, 1.000
0.000, 0.000, 12.275, 1.000, 1.000
0.000, 0.000, 12.190, 1.000, 1.000
0.000, 0.000, 12.377, 1.000, 1.000
0.000, 0.000, 12.341, 1.000, 1.000
0.000, 0.000, 12.253, 1.000, 1.000
0.000, 0.000, 12.129, 1.000, 1.000
0.000, 0.000, 12.306, 1.000, 1.000
0.000, 0.000, 12.319, 1.000, 1.000
0.000, 0.000, 12.336, 1.000, 1.000
0.000, 0.000, 12.450, 1.000, 1.000
0.000, 0.000, 12.337, 1.000, 1.000
0.000, 0.000, 12.253, 1.000, 1.000
0.000, 0.000, 12.219, 1.000, 1.000
0.000, 0.000, 12.261, 1.000, 1.000
0.000, 0.000, 12.292, 1.000, 1.000
0.000, 0.000, 12.261, 1.000, 1.000
0.000, 0.000, 12.482, 1.000, 1.000
0.000, 0.000, 12.384, 1.000, 1.000
0.000, 0.000, 12.566, 1.000, 1.000
0.000, 0.000, 12.375, 1.000, 1.000
0.000, 0.000, 12.328, 1.000, 1.000
0.000, 0.000, 12.394, 1.000, 1.000
0.000, 0.000, 12.414, 1.000, 1.000
0.000, 0.000, 12.254, 1.000, 1.000
0.000, 0.000, 12.473, 1.000, 1.000
0.000, 0.000, 12.327, 1.000, 1.000
0.000, 0.000, 12.341, 1.000, 1.000
0.000, 0.000, 12.242, 1.000, 1.000
0.000, 0.000, 12.390, 1.000, 1.000
0.000, 0.000, 12.331, 1.000, 1.000
0.000, 0.000, 12.422, 1.000, 1.000
0.000, 0.000, 12.582, 1.000, 1.000
0.000, 0.000, 12.458, 1.000, 1.000
0.000, 0.000, 12.252, 1.000, 1.000
0.000, 0.000, 12.439, 1.000, 1.000
0.000, 0.000, 12.412, 1.000, 1.000
0.000, 0.000, 12.461, 1.000, 1.000
0.000, 0.000, 12.387, 1.000, 1.000
0.000, 0.000, 12.480, 1.000, 1.000
0.000, 0.000, 12.088, 1.000, 1.000
0.000, 0.000, 11.954, 1.000, 1.000
0.000, 0.000, 12.051, 1.000, 1.000
0.000, 0.000, 12.118, 1.000, 1.000
0.000, 0.000, 12.028, 1.000, 1.000
0.000, 0.000, 12.025, 1.000, 1.000
0.000, 0.000, 12.127, 1.000, 1.000
0.000, 0.000, 12.304, 1.000, 1.000
0.000, 0.000, 12.175, 1.000, 1.000
0.000, 0.000, 12.125, 1.000, 1.000
0.000, 0.000, 12.226, 1.000, 1.000
0.000, 0.000, 12.392, 1.000, 1.000
0.000, 0.000, 12.393, 1.000, 1.000
0.000, 0.000, 12.143, 1.000, 1.000
0.000, 0.000, 12.521, 1.000, 1.000
0.006, 6.240, 32.251, 1.000, 0.000
4.511, 0.000, 17.631, 0.500, 1.000
0.265, 0.000, 12.468, 0.953, 1.000
0.002, 0.000, 10.842, 1.000, 1.000
0.085, 0.000, 9.272, 0.984, 1.000
0.032, 0.000, 7.729, 0.984, 1.000
0.003, 0.001, 6.921, 1.000, 1.000
0.000, 0.001, 6.909, 1.000, 1.000
0.000, 0.002, 7.102, 1.000, 1.000
0.023, 0.003, 6.017, 0.984, 1.000
0.000, 0.004, 6.189, 1.000, 1.000
0.000, 0.003, 6.736, 1.000, 1.000
0.000, 0.001, 6.975, 1.000, 1.000
0.005, 0.002, 6.779, 1.000, 1.000
0.000, 0.002, 7.056, 1.000, 1.000
0.000, 0.001, 7.262, 1.000, 1.000
0.000, 0.001, 7.326, 1.000, 1.000
0.000, 0.001, 7.568, 1.000, 1.000
0.000, 0.001, 7.650, 1.000, 1.000
0.000, 0.000, 7.774, 1.000, 1.000
0.000, 0.001, 7.717, 1.000, 1.000
0.000, 0.001, 7.812, 1.000, 1.000
0.000, 0.001, 7.926, 1.000, 1.000
0.003, 0.001, 7.770, 1.000, 1.000
0.000, 0.001, 8.009, 1.000, 1.000
0.002, 0.001, 7.771, 1.000, 1.000
0.000, 0.001, 7.680, 1.000, 1.000
0.001, 0.001, 7.775, 1.000, 1.000
0.001, 0.001, 7.849, 1.000, 1.000
0.008, 0.001, 7.280, 1.000, 1.000
0.000, 0.001, 7.014, 1.000, 1.000
0.003, 0.001, 6.921, 1.000, 1.000
0.000, 0.001, 7.230, 1.000, 1.000
0.000, 0.001, 7.430, 1.000, 1.000
0.000, 0.001, 7.460, 1.000, 1.000
0.000, 0.001, 7.721, 1.000, 1.000
0.000, 0.001, 7.840, 1.000, 1.000
0.000, 0.001, 7.849, 1.000, 1.000
0.040, 0.001, 6.503, 0.984, 1.000
0.000, 0.002, 6.489, 1.000, 1.000
0.000, 0.002, 6.769, 1.000, 1.000
0.000, 0.001, 7.209, 1.000, 1.000
0.000, 0.001, 7.292, 1.000, 1.000
0.000, 0.001, 7.554, 1.000, 1.000
0.000, 0.001, 7.665, 1.000, 1.000
0.000, 0.001, 7.799, 1.000, 1.000
0.000, 0.001, 7.842, 1.000, 1.000
0.004, 0.001, 7.610, 1.000, 1.000
0.008, 0.001, 6.833, 1.000, 1.000
0.000, 0.002, 6.741, 1.000, 1.000
0.000, 0.002, 7.042, 1.000, 1.000
0.000, 0.001, 7.309, 1.000, 1.000
0.000, 0.001, 7.489, 1.000, 1.000
0.000, 0.001, 7.528, 1.000, 1.000
0.000, 0.001, 7.826, 1.000, 1.000
0.000, 0.001, 7.667, 1.000, 1.000
0.000, 0.001, 7.857, 1.000, 1.000
0.001, 0.001, 7.931, 1.000, 1.000
0.008, 0.001, 7.340, 1.000, 1.000
0.000, 0.001, 7.208, 1.000, 1.000
0.002, 0.001, 7.205, 1.000, 1.000
0.000, 0.001, 7.368, 1.000, 1.000
0.000, 0.001, 7.423, 1.000, 1.000
0.000, 0.001, 7.580, 1.000, 1.000
0.015, 0.001, 6.878, 0.984, 1.000
0.000, 0.002, 6.865, 1.000, 1.000
0.000, 0.001, 7.020, 1.000, 1.000
0.000, 0.001, 7.291, 1.000, 1.000
0.000, 0.001, 7.568, 1.000, 1.000
0.000, 0.001, 7.608, 1.000, 1.000
0.000, 0.001, 7.699, 1.000, 1.000
0.001, 0.001, 7.756, 1.000, 1.000
0.000, 0.001, 7.858, 1.000, 1.000
0.000, 0.001, 7.763, 1.000, 1.000
0.000, 0.001, 8.059, 1.000, 1.000
0.000, 0.000, 8.020, 1.000, 1.000
0.000, 0.000, 7.993, 1.000, 1.000
0.000, 0.000, 8.318, 1.000, 1.000
0.000, 0.000, 8.142, 1.000, 1.000
0.003, 0.000, 8.199, 1.000, 1.000
0.000, 0.001, 7.863, 1.000, 1.000
0.000, 0.001, 8.099, 1.000, 1.000
0.004, 0.001, 7.589, 1.000, 1.000
0.000, 0.001, 7.646, 1.000, 1.000
0.000, 0.001, 7.761, 1.000, 1.000
0.005, 0.001, 7.335, 1.000, 1.000
0.000, 0.001, 7.296, 1.000, 1.000
0.000, 0.001, 7.665, 1.000, 1.000
0.000, 0.001, 7.642, 1.000, 1.000
0.000, 0.001, 7.840, 1.000, 1.000
0.000, 0.001, 7.813, 1.000, 1.000
0.000, 0.001, 7.868, 1.000, 1.000
0.000, 0.001, 7.951, 1.000, 1.000
0.000, 0.000, 8.091, 1.000, 1.000
0.006, 0.001, 7.733, 1.000, 1.000
0.000, 0.001, 7.672, 1.000, 1.000
0.000, 0.001, 7.627, 1.000, 1.000
0.000, 0.000, 7.791, 1.000, 1.000
0.000, 0.001, 7.891, 1.000, 1.000
0.000, 0.001, 7.871, 1.000, 1.000
0.000, 0.001, 7.931, 1.000, 1.000
0.000, 0.001, 8.134, 1.000, 1.000
0.000, 0.000, 8.180, 1.000, 1.000
0.000, 0.000, 8.247, 1.000, 1.000
0.000, 0.000, 8.411, 1.000, 1.000
0.000, 0.000, 8.437, 1.000, 1.000
0.000, 0.000, 8.407, 1.000, 1.000
0.000, 0.000, 8.281, 1.000, 1.000
0.000, 0.000, 8.415, 1.000, 1.000
0.000, 0.000, 8.524, 1.000, 1.000
0.002, 0.000, 8.317, 1.000, 1.000
0.001, 0.000, 8.368, 1.000, 1.000
0.002, 0.000, 8.226, 1.000, 1.000
0.000, 0.000, 8.081, 1.000, 1.000
0.000, 0.001, 8.242, 1.000, 1.000
0.000, 0.000, 8.400, 1.000, 1.000
0.000, 0.000, 8.397, 1.000, 1.000
0.000, 0.000, 8.286, 1.000, 1.000
0.002, 0.000, 8.236, 1.000, 1.000
0.000, 0.000, 8.218, 1.000, 1.000
0.000, 0.000, 8.229, 1.000, 1.000
0.000, 0.000, 8.399, 1.000, 1.000
0.000, 0.000, 8.291, 1.000, 1.000
0.000, 0.000, 8.309, 1.000, 1.000
0.000, 0.000, 8.508, 1.000, 1.000
0.000, 0.000, 8.664, 1.000, 1.000
0.000, 0.000, 8.599, 1.000, 1.000
0.000, 0.000, 8.630, 1.000, 1.000
0.000, 0.000, 8.574, 1.000, 1.000
0.000, 0.000, 8.578, 1.000, 1.000
0.000, 0.000, 8.715, 1.000, 1.000
0.000, 0.000, 8.752, 1.000, 1.000
0.002, 0.000, 8.496, 1.000, 1.000
0.000, 0.000, 8.470, 1.000, 1.000
0.000, 0.000, 8.462, 1.000, 1.000
0.000, 0.000, 8.648, 1.000, 1.000
0.000, 0.000, 8.773, 1.000, 1.000
0.000, 0.000, 8.771, 1.000, 1.000
0.000, 0.000, 8.661, 1.000, 1.000
0.000, 0.000, 8.645, 1.000, 1.000
0.000, 0.000, 8.895, 1.000, 1.000
0.000, 0.000, 8.607, 1.000, 1.000
0.000, 0.000, 8.783, 1.000, 1.000
0.000, 0.000, 8.916, 1.000, 1.000
0.000, 0.000, 8.912, 1.000, 1.000
0.000, 0.000, 8.733, 1.000, 1.000
0.001, 0.000, 8.671, 1.000, 1.000
0.000, 0.000, 8.889, 1.000, 1.000
0.000, 0.000, 8.884, 1.000, 1.000
0.035, 0.001, 6.283, 0.984, 1.000
0.000, 0.004, 6.492, 1.000, 1.000
0.000, 0.002, 7.186, 1.000, 1.000
0.000, 0.001, 7.656, 1.000, 1.000
0.000, 0.001, 7.933, 1.000, 1.000
0.000, 0.001, 8.163, 1.000, 1.000
0.000, 0.000, 8.115, 1.000, 1.000
0.000, 0.000, 8.311, 1.000, 1.000
0.000, 0.000, 8.175, 1.000, 1.000
0.000, 0.000, 8.285, 1.000, 1.000
0.000, 0.000, 8.557, 1.000, 1.000
0.000, 0.000, 8.666, 1.000, 1.000
0.001, 0.000, 8.406, 1.000, 1.000
0.000, 0.000, 8.373, 1.000, 1.000
0.000, 0.000, 8.476, 1.000, 1.000
0.000, 0.000, 8.569, 1.000, 1.000
0.000, 0.000, 8.400, 1.000, 1.000
0.000, 0.000, 8.732, 1.000, 1.000
0.000, 0.000, 8.715, 1.000, 1.000
0.000, 0.000, 8.791, 1.000, 1.000
0.000, 0.000, 8.804, 1.000, 1.000
0.000, 0.000, 8.917, 1.000, 1.000
0.000, 0.000, 8.840, 1.000, 1.000
0.000, 0.000, 8.730, 1.000, 1.000
0.000, 0.000, 8.785, 1.000, 1.000
0.000, 0.000, 8.822, 1.000, 1.000
0.001, 0.000, 8.974, 1.000, 1.000
0.000, 0.000, 8.839, 1.000, 1.000
0.000, 0.000, 8.958, 1.000, 1.000
0.000, 0.000, 8.978, 1.000, 1.000
0.000, 0.000, 9.060, 1.000, 1.000
0.000, 0.000, 9.021, 1.000, 1.000
0.000, 0.000, 9.160, 1.000, 1.000
0.000, 0.000, 9.133, 1.000, 1.000
0.000, 0.000, 9.090, 1.000, 1.000
0.000, 0.000, 9.034, 1.000, 1.000
0.003, 0.000, 8.659, 1.000, 1.000
0.000, 0.000, 8.675, 1.000, 1.000
0.000, 0.000, 8.702, 1.000, 1.000
0.000, 0.000, 8.792, 1.000, 1.000
0.000, 0.000, 8.585, 1.000, 1.000
0.000, 0.000, 8.735, 1.000, 1.000
0.000, 0.000, 8.869, 1.000, 1.000
0.000, 0.000, 8.927, 1.000, 1.000
0.000, 0.000, 8.653, 1.000, 1.000
0.000, 0.000, 8.790, 1.000, 1.000
0.000, 0.000, 9.016, 1.000, 1.000
0.000, 0.000, 8.990, 1.000, 1.000
0.000, 0.000, 9.045, 1.000, 1.000
0.000, 0.000, 9.011, 1.000, 1.000
0.000, 0.000, 9.041, 1.000, 1.000
0.000, 0.000, 8.978, 1.000, 1.000
0.000, 0.000, 8.985, 1.000, 1.000
0.000, 0.000, 9.195, 1.000, 1.000
0.000, 0.000, 9.160, 1.000, 1.000
0.000, 0.000, 9.299, 1.000, 1.000
0.001, 0.000, 9.032, 1.000, 1.000
0.000, 0.000, 9.084, 1.000, 1.000
0.000, 0.000, 9.253, 1.000, 1.000
0.000, 0.000, 9.092, 1.000, 1.000
0.000, 0.000, 9.103, 1.000, 1.000
0.000, 0.000, 9.310, 1.000, 1.000
0.000, 0.000, 9.177, 1.000, 1.000
0.000, 0.000, 9.022, 1.000, 1.000
0.000, 0.000, 8.980, 1.000, 1.000
0.000, 0.000, 9.003, 1.000, 1.000
0.000, 0.000, 9.005, 1.000, 1.000
0.000, 0.000, 9.368, 1.000, 1.000
0.000, 0.000, 9.210, 1.000, 1.000
0.000, 0.000, 9.263, 1.000, 1.000
0.000, 0.000, 9.436, 1.000, 1.000
0.000, 0.000, 9.441, 1.000, 1.000
0.000, 0.000, 9.344, 1.000, 1.000
0.000, 0.000, 9.304, 1.000, 1.000
0.000, 0.000, 9.208, 1.000, 1.000
0.000, 0.000, 9.268, 1.000, 1.000
0.000, 0.000, 9.365, 1.000, 1.000
0.000, 0.000, 9.462, 1.000, 1.000
0.000, 0.000, 9.400, 1.000, 1.000
0.000, 0.000, 9.195, 1.000, 1.000
0.000, 0.000, 9.312, 1.000, 1.000
0.000, 0.000, 9.276, 1.000, 1.000
0.000, 0.000, 9.271, 1.000, 1.000
0.000, 0.000, 9.463, 1.000, 1.000
0.000, 0.000, 9.265, 1.000, 1.000
0.000, 0.000, 9.360, 1.000, 1.000
0.000, 0.000, 9.540, 1.000, 1.000
0.000, 0.000, 9.571, 1.000, 1.000
0.000, 0.000, 9.510, 1.000, 1.000
0.000, 0.000, 9.503, 1.000, 1.000
0.000, 0.000, 9.548, 1.000, 1.000
0.000, 0.000, 9.367, 1.000, 1.000
0.000, 0.000, 9.572, 1.000, 1.000
0.000, 0.000, 9.595, 1.000, 1.000
0.000, 0.000, 9.621, 1.000, 1.000
0.000, 0.000, 9.782, 1.000, 1.000
0.000, 0.000, 9.613, 1.000, 1.000
0.000, 0.000, 9.564, 1.000, 1.000
0.000, 0.000, 9.653, 1.000, 1.000
0.000, 0.000, 9.661, 1.000, 1.000
0.000, 0.000, 9.485, 1.000, 1.000
0.000, 0.000, 9.698, 1.000, 1.000
0.000, 0.000, 9.650, 1.000, 1.000
0.000, 0.000, 9.692, 1.000, 1.000
0.000, 0.000, 9.656, 1.000, 1.000
0.000, 0.000, 9.680, 1.000, 1.000
0.000, 0.000, 9.813, 1.000, 1.000
0.000, 0.000, 9.700, 1.000, 1.000
0.001, 0.000, 9.491, 1.000, 1.000
0.000, 0.000, 9.686, 1.000, 1.000
0.000, 0.000, 9.674, 1.000, 1.000
0.000, 0.000, 9.537, 1.000, 1.000
0.000, 0.000, 9.799, 1.000, 1.000
0.014, 0.000, 7.857, 0.984, 1.000
0.000, 0.001, 7.282, 1.000, 1.000
0.001, 0.001, 7.303, 1.000, 1.000
0.000, 0.001, 7.763, 1.000, 1.000
0.000, 0.001, 8.171, 1.000, 1.000
0.000, 0.000, 8.297, 1.000, 1.000
0.000, 0.000, 8.462, 1.000, 1.000
0.000, 0.000, 8.656, 1.000, 1.000
0.000, 0.000, 8.648, 1.000, 1.000
0.000, 0.000, 8.795, 1.000, 1.000
0.000, 0.000, 8.927, 1.000, 1.000
0.000, 0.000, 9.033, 1.000, 1.000
0.000, 0.000, 9.033, 1.000, 1.000
0.000, 0.000, 9.165, 1.000, 1.000
0.000, 0.000, 9.152, 1.000, 1.000
0.010, 0.001, 6.882, 1.000, 1.000
0.000, 0.002, 7.250, 1.000, 1.000
0.000, 0.001, 7.842, 1.000, 1.000
0.000, 0.001, 8.353, 1.000, 1.000
0.000, 0.000, 8.622, 1.000, 1.000
0.000, 0.000, 8.846, 1.000, 1.000
0.000, 0.000, 8.897, 1.000, 1.000
0.000, 0.000, 8.827, 1.000, 1.000
0.000, 0.000, 8.805, 1.000, 1.000
0.000, 0.000, 8.754, 1.000, 1.000
0.000, 0.000, 9.137, 1.000, 1.000
0.000, 0.000, 9.114, 1.000, 1.000
0.000, 0.000, 9.313, 1.000, 1.000
0.000, 0.000, 9.241, 1.000, 1.000
0.000, 0.000, 9.227, 1.000, 1.000
0.000, 0.000, 9.197, 1.000, 1.000
0.000, 0.000, 9.211, 1.000, 1.000
0.000, 0.000, 9.267, 1.000, 1.000
0.000, 0.000, 9.356, 1.000, 1.000
0.000, 0.000, 9.482, 1.000, 1.000
0.000, 0.000, 9.401, 1.000, 1.000
0.000, 0.000, 9.425, 1.000, 1.000
0.000, 0.000, 9.431, 1.000, 1.000
0.000, 0.000, 9.589, 1.000, 1.000
0.000, 0.000, 9.408, 1.000, 1.000
0.000, 0.000, 9.452, 1.000, 1.000
0.000, 0.000, 9.585, 1.000, 1.000
0.000, 0.000, 9.535, 1.000, 1.000
0.000, 0.000, 9.670, 1.000, 1.000
0.000, 0.000, 9.594, 1.000, 1.000
0.000, 0.000, 9.656, 1.000, 1.000
0.000, 0.000, 9.549, 1.000, 1.000
0.000, 0.000, 9.566, 1.000, 1.000
0.000, 0.000, 9.778, 1.000, 1.000
0.000, 0.000, 9.537, 1.000, 1.000
0.000, 0.000, 9.708, 1.000, 1.000
0.000, 0.000, 9.639, 1.000, 1.000
0.000, 0.000, 9.685, 1.000, 1.000
0.000, 0.000, 9.648, 1.000, 1.000
0.000, 0.000, 9.696, 1.000, 1.000
0.000, 0.000, 9.644, 1.000, 1.000
0.000, 0.000, 9.752, 1.000, 1.000
0.000, 0.000, 9.667, 1.000, 1.000
0.000, 0.000, 9.682, 1.000, 1.000
0.000, 0.000, 9.699, 1.000, 1.000
0.000, 0.000, 9.801, 1.000, 1.000
0.000, 0.000, 9.899, 1.000, 1.000
0.000, 0.000, 9.907, 1.000, 1.000
0.000, 0.000, 9.911, 1.000, 1.000
0.000, 0.000, 9.884, 1.000, 1.000
0.000, 0.000, 9.762, 1.000, 1.000
0.000, 0.000, 9.750, 1.000, 1.000
0.000, 0.000, 9.947, 1.000, 1.000
0.000, 0.000, 9.988, 1.000, 1.000
0.000, 0.000, 9.870, 1.000, 1.000
0.000, 0.000, 9.897, 1.000, 1.000
0.000, 0.000, 9.895, 1.000, 1.000
0.000, 0.000, 9.884, 1.000, 1.000
0.000, 0.000, 9.986, 1.000, 1.000
0.000, 0.000, 9.846, 1.000, 1.000
0.000, 0.000, 9.894, 1.000, 1.000
0.000, 0.000, 9.823, 1.000, 1.000
0.000, 0.000, 9.976, 1.000, 1.000
0.000, 0.000, 9.965, 1.000, 1.000
0.000, 0.000, 9.921, 1.000, 1.000
0.000, 0.000, 10.012, 1.000, 1.000
0.000, 0.000, 9.917, 1.000, 1.000
0.000, 0.000, 10.126, 1.000, 1.000
0.000, 0.000, 10.130, 1.000, 1.000
0.000, 0.000, 10.099, 1.000, 1.000
0.000, 0.000, 10.178, 1.000, 1.000
0.000, 0.000, 10.097, 1.000, 1.000
0.000, 0.000, 10.285, 1.000, 1.000
0.000, 0.000, 10.023, 1.000, 1.000
0.000, 0.000, 10.142, 1.000, 1.000
0.000, 0.000, 10.169, 1.000, 1.000
0.000, 0.000, 9.918, 1.000, 1.000
0.000, 0.000, 10.099, 1.000, 1.000
0.000, 0.000, 10.120, 1.000, 1.000
0.000, 0.000, 10.098, 1.000, 1.000
0.000, 0.000, 10.253, 1.000, 1.000
0.000, 0.000, 10.189, 1.000, 1.000
0.000, 0.000, 10.073, 1.000, 1.000
0.000, 0.000, 10.247, 1.000, 1.000
0.000, 0.000, 10.172, 1.000, 1.000
0.000, 0.000, 10.147, 1.000, 1.000
0.000, 0.000, 10.283, 1.000, 1.000
0.105, 0.000, 7.026, 0.984, 1.000
0.000, 0.003, 7.653, 1.000, 1.000
0.000, 0.000, 8.431, 1.000, 1.000
0.000, 0.000, 8.852, 1.000, 1.000
0.000, 0.000, 8.801, 1.000, 1.000
0.000, 0.000, 8.920, 1.000, 1.000
0.000, 0.000, 8.923, 1.000, 1.000
0.000, 0.000, 9.009, 1.000, 1.000
0.000, 0.000, 9.190, 1.000, 1.000
0.000, 0.000, 9.072, 1.000, 1.000
0.000, 0.000, 9.162, 1.000, 1.000
0.001, 0.000, 9.080, 1.000, 1.000
0.000, 0.000, 9.156, 1.000, 1.000
0.000, 0.000, 9.052, 1.000, 1.000
0.000, 0.000, 9.105, 1.000, 1.000
0.000, 0.000, 9.050, 1.000, 1.000
0.001, 0.000, 9.079, 1.000, 1.000
0.000, 0.000, 9.019, 1.000, 1.000
0.000, 0.000, 9.035, 1.000, 1.000
0.000, 0.000, 9.107, 1.000, 1.000
0.000, 0.000, 9.098, 1.000, 1.000
0.000, 0.000, 9.167, 1.000, 1.000
0.000, 0.000, 9.148, 1.000, 1.000
0.000, 0.000, 9.172, 1.000, 1.000
0.000, 0.000, 9.206, 1.000, 1.000
0.000, 0.000, 9.266, 1.000, 1.000
0.000, 0.000, 9.164, 1.000, 1.000
0.000, 0.000, 9.395, 1.000, 1.000
0.000, 0.000, 9.238, 1.000, 1.000
0.000, 0.000, 9.404, 1.000, 1.000
0.000, 0.000, 9.464, 1.000, 1.000
0.000, 0.000, 9.358, 1.000, 1.000
0.000, 0.000, 9.310, 1.000, 1.000
0.000, 0.000, 9.441, 1.000, 1.000
0.000, 0.000, 9.468, 1.000, 1.000
0.000, 0.000, 9.439, 1.000, 1.000
0.000, 0.000, 9.606, 1.000, 1.000
0.000, 0.000, 9.590, 1.000, 1.000
0.000, 0.000, 9.655, 1.000, 1.000
0.000, 0.000, 9.564, 1.000, 1.000
0.000, 0.000, 9.684, 1.000, 1.000
0.000, 0.000, 9.442, 1.000, 1.000
0.000, 0.000, 9.638, 1.000, 1.000
0.000, 0.000, 9.490, 1.000, 1.000
0.000, 0.000, 9.609, 1.000, 1.000
0.000, 0.000, 9.696, 1.000, 1.000
0.000, 0.000, 9.485, 1.000, 1.000
0.000, 0.000, 9.646, 1.000, 1.000
0.000, 0.000, 9.498, 1.000, 1.000
0.000, 0.000, 9.664, 1.000, 1.000
0.000, 0.000, 9.760, 1.000, 1.000
0.000, 0.000, 9.692, 1.000, 1.000
0.000, 0.000, 9.796, 1.000, 1.000
0.000, 0.000, 9.667, 1.000, 1.000
0.000, 0.000, 9.749, 1.000, 1.000
0.000, 0.000, 9.612, 1.000, 1.000
0.000, 0.000, 9.766, 1.000, 1.000
0.000, 0.000, 9.715, 1.000, 1.000
0.000, 0.000, 9.678, 1.000, 1.000
0.000, 0.000, 9.852, 1.000, 1.000
0.000, 0.000, 9.692, 1.000, 1.000
0.000, 0.000, 9.755, 1.000, 1.000
0.000, 0.000, 9.913, 1.000, 1.000
0.000, 0.000, 10.006, 1.000, 1.000
0.000, 0.000, 9.860, 1.000, 1.000
0.000, 0.000, 9.872, 1.000, 1.000
0.000, 0.000, 9.956, 1.000, 1.000
0.000, 0.000, 10.009, 1.000, 1.000
0.000, 0.000, 9.877, 1.000, 1.000
0.000, 0.000, 9.953, 1.000, 1.000
0.000, 0.000, 9.897, 1.000, 1.000
0.000, 0.000, 9.838, 1.000, 1.000
0.000, 0.000, 9.925, 1.000, 1.000
0.000, 0.000, 10.024, 1.000, 1.000
0.000, 0.000, 9.972, 1.000, 1.000
0.000, 0.000, 9.882, 1.000, 1.000
0.000, 0.000, 9.917, 1.000, 1.000
0.000, 0.000, 9.850, 1.000, 1.000
0.000, 0.000, 10.021, 1.000, 1.000
0.000, 0.000, 10.172, 1.000, 1.000
0.000, 0.000, 9.864, 1.000, 1.000
0.000, 0.000, 10.011, 1.000, 1.000
0.000, 0.000, 10.147, 1.000, 1.000
0.000, 0.000, 10.096, 1.000, 1.000
0.000, 0.000, 10.055, 1.000, 1.000
0.000, 0.000, 10.051, 1.000, 1.000
0.000, 0.000, 10.237, 1.000, 1.000
0.000, 0.000, 9.798, 1.000, 1.000
0.000, 0.000, 10.124, 1.000, 1.000
0.000, 0.000, 10.161, 1.000, 1.000
0.000, 0.000, 10.201, 1.000, 1.000
0.000, 0.000, 9.944, 1.000, 1.000
0.000, 0.000, 10.103, 1.000, 1.000
0.000, 0.000, 9.935, 1.000, 1.000
0.000, 0.000, 10.210, 1.000, 1.000
0.000, 0.000, 10.191, 1.000, 1.000
0.000, 0.000, 10.100, 1.000, 1.000
0.000, 0.000, 10.130, 1.000, 1.000
0.000, 0.000, 10.237, 1.000, 1.000
0.000, 0.000, 10.136, 1.000, 1.000
0.000, 0.000, 10.214, 1.000, 1.000
0.000, 0.000, 10.019, 1.000, 1.000
0.000, 0.000, 9.939, 1.000, 1.000
0.000, 0.000, 10.166, 1.000, 1.000
0.000, 0.000, 10.378, 1.000, 1.000
0.000, 0.000, 10.210, 1.000, 1.000
0.000, 0.000, 10.280, 1.000, 1.000
0.000, 0.000, 10.186, 1.000, 1.000
0.000, 0.000, 10.023, 1.000, 1.000
0.000, 0.000, 10.031, 1.000, 1.000
0.000, 0.000, 10.323, 1.000, 1.000
0.000, 0.000, 10.225, 1.000, 1.000
0.000, 0.000, 10.320, 1.000, 1.000
0.000, 0.000, 10.255, 1.000, 1.000
0.000, 0.000, 9.996, 1.000, 1.000
0.000, 0.000, 10.326, 1.000, 1.000
0.000, 0.000, 10.149, 1.000, 1.000
0.000, 0.000, 10.271, 1.000, 1.000
0.000, 0.000, 10.350, 1.000, 1.000
0.000, 0.000, 10.269, 1.000, 1.000
0.000, 0.000, 10.235, 1.000, 1.000
0.000, 0.000, 10.148, 1.000, 1.000
0.000, 0.000, 10.347, 1.000, 1.000
0.000, 0.000, 10.399, 1.000, 1.000
0.000, 0.000, 10.216, 1.000, 1.000
0.000, 0.000, 10.393, 1.000, 1.000
0.000, 0.000, 10.367, 1.000, 1.000
0.000, 0.000, 10.400, 1.000, 1.000
0.000, 0.000, 10.437, 1.000, 1.000
0.000, 0.000, 10.358, 1.000, 1.000
0.000, 0.000, 10.233, 1.000, 1.000
0.000, 0.000, 10.288, 1.000, 1.000
0.000, 0.000, 10.347, 1.000, 1.000
0.000, 0.000, 10.311, 1.000, 1.000
0.000, 0.000, 10.363, 1.000, 1.000
0.003, 0.000, 9.773, 1.000, 1.000
0.000, 0.000, 9.503, 1.000, 1.000
0.000, 0.000, 9.407, 1.000, 1.000
0.000, 0.000, 9.633, 1.000, 1.000
0.000, 0.000, 9.729, 1.000, 1.000
0.000, 0.000, 9.618, 1.000, 1.000
0.000, 0.000, 9.705, 1.000, 1.000
0.000, 0.000, 9.712, 1.000, 1.000
0.000, 0.000, 9.834, 1.000, 1.000
0.000, 0.000, 9.781, 1.000, 1.000
0.000, 0.000, 9.987, 1.000, 1.000
0.000, 0.000, 9.813, 1.000, 1.000
0.000, 0.000, 9.776, 1.000, 1.000
0.000, 0.000, 10.101, 1.000, 1.000
0.000, 0.000, 9.922, 1.000, 1.000
0.000, 0.000, 9.948, 1.000, 1.000
0.000, 0.000, 10.148, 1.000, 1.000
0.000, 0.000, 10.004, 1.000, 1.000
0.000, 0.000, 10.051, 1.000, 1.000
0.000, 0.000, 10.111, 1.000, 1.000
0.000, 0.000, 10.174, 1.000, 1.000
0.000, 0.000, 10.249, 1.000, 1.000
0.000, 0.000, 10.103, 1.000, 1.000
0.000, 0.000, 10.305, 1.000, 1.000
0.000, 0.000, 10.367, 1.000, 1.000
0.000, 0.000, 10.140, 1.000, 1.000
0.000, 0.000, 10.063, 1.000, 1.000
0.000, 0.000, 10.318, 1.000, 1.000
0.000, 0.000, 10.316, 1.000, 1.000
0.000, 0.000, 10.185, 1.000, 1.000
0.000, 0.000, 10.281, 1.000, 1.000
0.000, 0.000, 10.327, 1.000, 1.000
0.000, 0.000, 10.417, 1.000, 1.000
0.000, 0.000, 10.284, 1.000, 1.000
0.000, 0.000, 10.333, 1.000, 1.000
0.000, 0.000, 10.555, 1.000, 1.000
0.000, 0.000, 10.417, 1.000, 1.000
0.004, 0.000, 8.914, 1.000, 1.000
0.000, 0.000, 8.517, 1.000, 1.000
0.000, 0.000, 8.768, 1.000, 1.000
0.000, 0.000, 9.108, 1.000, 1.000
0.000, 0.000, 9.319, 1.000, 1.000
0.000, 0.000, 9.396, 1.000, 1.000
0.000, 0.000, 9.479, 1.000, 1.000
0.000, 0.000, 9.626, 1.000, 1.000
0.000, 0.000, 9.687, 1.000, 1.000
0.000, 0.000, 9.577, 1.000, 1.000
0.000, 0.000, 9.871, 1.000, 1.000
0.000, 0.000, 9.832, 1.000, 1.000
0.000, 0.000, 9.939, 1.000, 1.000
0.000, 0.000, 9.986, 1.000, 1.000
0.000, 0.000, 9.746, 1.000, 1.000
0.000, 0.000, 10.092, 1.000, 1.000
0.000, 0.000, 9.990, 1.000, 1.000
0.000, 0.000, 10.076, 1.000, 1.000
0.000, 0.000, 10.075, 1.000, 1.000
0.000, 0.000, 10.131, 1.000, 1.000
0.000, 0.000, 10.077, 1.000, 1.000
0.000, 0.000, 10.184, 1.000, 1.000
0.000, 0.000, 10.152, 1.000, 1.000
0.000, 0.000, 9.993, 1.000, 1.000
0.000, 0.000, 10.146, 1.000, 1.000
0.000, 0.000, 10.273, 1.000, 1.000
0.000, 0.000, 10.207, 1.000, 1.000
0.000, 0.000, 10.274, 1.000, 1.000
0.000, 0.000, 10.286, 1.000, 1.000
0.001, 0.000, 10.069, 1.000, 1.000
0.000, 0.000, 10.045, 1.000, 1.000
0.000, 0.000, 10.241, 1.000, 1.000
0.000, 0.000, 10.044, 1.000, 1.000
0.000, 0.000, 10.115, 1.000, 1.000
0.000, 0.000, 10.156, 1.000, 1.000
0.000, 0.000, 10.281, 1.000, 1.000
0.000, 0.000, 10.165, 1.000, 1.000
0.000, 0.000, 10.262, 1.000, 1.000
0.000, 0.000, 10.150, 1.000, 1.000
0.000, 0.000, 10.298, 1.000, 1.000
0.001, 0.000, 9.955, 1.000, 1.000
0.000, 0.000, 10.046, 1.000, 1.000
0.000, 0.000, 10.093, 1.000, 1.000
0.000, 0.000, 10.168, 1.000, 1.000
0.000, 0.000, 10.229, 1.000, 1.000
0.000, 0.000, 10.209, 1.000, 1.000
0.000, 0.000, 10.186, 1.000, 1.000
0.000, 0.000, 10.242, 1.000, 1.000
0.000, 0.000, 10.216, 1.000, 1.000
0.000, 0.000, 10.305, 1.000, 1.000
0.000, 0.000, 10.307, 1.000, 1.000
0.000, 0.000, 10.241, 1.000, 1.000
0.000, 0.000, 10.258, 1.000, 1.000
0.000, 0.000, 10.371, 1.000, 1.000
0.000, 0.000, 10.306, 1.000, 1.000
0.000, 0.000, 10.305, 1.000, 1.000
0.000, 0.000, 10.247, 1.000, 1.000
0.000, 0.000, 10.201, 1.000, 1.000
0.000, 0.000, 10.251, 1.000, 1.000
0.000, 0.000, 10.422, 1.000, 1.000
0.000, 0.000, 10.450, 1.000, 1.000
0.000, 0.000, 10.379, 1.000, 1.000
0.000, 0.000, 10.393, 1.000, 1.000
0.000, 0.000, 10.432, 1.000, 1.000
0.001, 0.000, 10.100, 1.000, 1.000
0.000, 0.000, 10.340, 1.000, 1.000
0.000, 0.000, 10.151, 1.000, 1.000
0.000, 0.000, 10.163, 1.000, 1.000
0.000, 0.000, 10.137, 1.000, 1.000
0.000, 0.000, 10.366, 1.000, 1.000
0.000, 0.000, 10.353, 1.000, 1.000
0.000, 0.000, 10.197, 1.000, 1.000
0.000, 0.000, 10.315, 1.000, 1.000
0.000, 0.000, 10.381, 1.000, 1.000
0.000, 0.000, 10.398, 1.000, 1.000
0.000, 0.000, 10.432, 1.000, 1.000
0.000, 0.000, 10.383, 1.000, 1.000
0.000, 0.000, 10.323, 1.000, 1.000
0.000, 0.000, 10.440, 1.000, 1.000
0.000, 0.000, 10.551, 1.000, 1.000
0.000, 0.000, 10.516, 1.000, 1.000
0.000, 0.000, 10.485, 1.000, 1.000
0.000, 0.000, 10.441, 1.000, 1.000
0.000, 0.000, 10.527, 1.000, 1.000
0.000, 0.000, 10.534, 1.000, 1.000
0.000, 0.000, 10.663, 1.000, 1.000
0.000, 0.000, 10.579, 1.000, 1.000
0.000, 0.000, 10.524, 1.000, 1.000
0.000, 0.000, 10.469, 1.000, 1.000
0.000, 0.000, 10.525, 1.000, 1.000
0.000, 0.000, 10.634, 1.000, 1.000
0.000, 0.000, 10.752, 1.000, 1.000
0.000, 0.000, 10.699, 1.000, 1.000
0.000, 0.000, 10.693, 1.000, 1.000
0.000, 0.000, 10.557, 1.000, 1.000
0.000, 0.000, 10.572, 1.000, 1.000
0.000, 0.000, 10.683, 1.000, 1.000
0.000, 0.000, 10.746, 1.000, 1.000
0.000, 0.000, 10.670, 1.000, 1.000
0.000, 0.000, 10.907, 1.000, 1.000
0.000, 0.000, 10.776, 1.000, 1.000
0.000, 0.000, 10.600, 1.000, 1.000
0.000, 0.000, 10.636, 1.000, 1.000
0.000, 0.000, 10.753, 1.000, 1.000
0.000, 0.000, 10.724, 1.000, 1.000
0.000, 0.000, 10.757, 1.000, 1.000
0.000, 0.000, 10.778, 1.000, 1.000
0.000, 0.000, 10.779, 1.000, 1.000
0.000, 0.000, 10.709, 1.000, 1.000
0.000, 0.000, 10.769, 1.000, 1.000
0.000, 0.000, 10.887, 1.000, 1.000
0.000, 0.000, 10.653, 1.000, 1.000
0.000, 0.000, 10.693, 1.000, 1.000
0.000, 0.000, 10.867, 1.000, 1.000
0.000, 0.000, 10.651, 1.000, 1.000
0.000, 0.000, 10.786, 1.000, 1.000
0.000, 0.000, 11.011, 1.000, 1.000
0.000, 0.000, 10.858, 1.000, 1.000
0.000, 0.000, 10.938, 1.000, 1.000
0.000, 0.000, 11.008, 1.000, 1.000
0.000, 0.000, 10.808, 1.000, 1.000
0.000, 0.000, 10.723, 1.000, 1.000
0.000, 0.000, 10.802, 1.000, 1.000
0.000, 0.000, 10.911, 1.000, 1.000
0.000, 0.000, 10.793, 1.000, 1.000
0.000, 0.000, 10.921, 1.000, 1.000
0.000, 0.000, 11.024, 1.000, 1.000
0.000, 0.000, 10.834, 1.000, 1.000
0.000, 0.000, 10.737, 1.000, 1.000
0.000, 0.000, 10.892, 1.000, 1.000
0.000, 0.000, 10.744, 1.000, 1.000
0.000, 0.000, 10.738, 1.000, 1.000
0.000, 0.000, 10.791, 1.000, 1.000
0.000, 0.000, 10.659, 1.000, 1.000
0.000, 0.000, 10.677, 1.000, 1.000
0.000, 0.000, 10.666, 1.000, 1.000
0.000, 0.000, 10.785, 1.000, 1.000
0.000, 0.000, 10.713, 1.000, 1.000
0.000, 0.000, 10.729, 1.000, 1.000
0.000, 0.000, 10.746, 1.000, 1.000
0.000, 0.000, 10.788, 1.000, 1.000
0.000, 0.000, 10.726, 1.000, 1.000
0.000, 0.000, 10.969, 1.000, 1.000
0.000, 0.000, 10.834, 1.000, 1.000
0.000, 0.000, 10.869, 1.000, 1.000
0.000, 0.000, 10.883, 1.000, 1.000
0.000, 0.000, 10.941, 1.000, 1.000
0.000, 0.000, 10.882, 1.000, 1.000
0.000, 0.000, 10.800, 1.000, 1.000
0.000, 0.000, 10.624, 1.000, 1.000
0.000, 0.000, 10.630, 1.000, 1.000
0.000, 0.000, 10.741, 1.000, 1.000
0.000, 0.000, 10.651, 1.000, 1.000
0.000, 0.000, 10.731, 1.000, 1.000
0.000, 0.000, 10.790, 1.000, 1.000
0.000, 0.000, 10.790, 1.000, 1.000
0.000, 0.000, 10.844, 1.000, 1.000
0.000, 0.000, 11.029, 1.000, 1.000
0.000, 0.000, 10.810, 1.000, 1.000
0.000, 0.000, 10.784, 1.000, 1.000
0.000, 0.000, 10.747, 1.000, 1.000
0.000, 0.000, 10.878, 1.000, 1.000
0.000, 0.000, 10.835, 1.000, 1.000
0.000, 0.000, 11.009, 1.000, 1.000
0.000, 0.000, 10.866, 1.000, 1.000
0.000, 0.000, 10.977, 1.000, 1.000
0.000, 0.000, 10.915, 1.000, 1.000
0.000, 0.000, 11.046, 1.000, 1.000
0.000, 0.000, 10.930, 1.000, 1.000
0.000, 0.000, 11.142, 1.000, 1.000
0.000, 0.000, 10.758, 1.000, 1.000
0.000, 0.000, 11.011, 1.000, 1.000
0.000, 0.000, 10.981, 1.000, 1.000
0.000, 0.000, 10.967, 1.000, 1.000
0.000, 0.000, 11.019, 1.000, 1.000
0.000, 0.000, 11.050, 1.000, 1.000
0.000, 0.000, 11.003, 1.000, 1.000
0.000, 0.000, 11.034, 1.000, 1.000
0.000, 0.000, 10.907, 1.000, 1.000
0.000, 0.000, 10.914, 1.000, 1.000
0.000, 0.000, 11.008, 1.000, 1.000
0.000, 0.000, 11.100, 1.000, 1.000
0.000, 0.000, 11.106, 1.000, 1.000
0.014, 0.002, 5.762, 0.984, 1.000
0.000, 0.006, 10.386, 1.000, 1.000
0.000, 0.000, 11.114, 1.000, 1.000
0.000, 0.000, 11.223, 1.000, 1.000
0.000, 0.000, 11.346, 1.000, 1.000
0.000, 0.000, 11.219, 1.000, 1.000
0.000, 0.000, 11.411, 1.000, 1.000
0.000, 0.000, 11.256, 1.000, 1.000
0.000, 0.000, 11.335, 1.000, 1.000
0.000, 0.000, 11.084, 1.000, 1.000
0.000, 0.000, 11.061, 1.000, 1.000
0.000, 0.000, 11.327, 1.000, 1.000
0.000, 0.000, 11.323, 1.000, 1.000
0.000, 0.000, 11.133, 1.000, 1.000
0.000, 0.000, 11.264, 1.000, 1.000
0.000, 0.000, 11.353, 1.000, 1.000
0.000, 0.000, 11.136, 1.000, 1.000
0.000, 0.000, 11.403, 1.000, 1.000
0.000, 0.000, 11.311, 1.000, 1.000
0.000, 0.000, 11.317, 1.000, 1.000
0.000, 0.000, 11.471, 1.000, 1.000
0.000, 0.000, 11.268, 1.000, 1.000
0.000, 0.000, 11.413, 1.000, 1.000
0.000, 0.000, 11.371, 1.000, 1.000
0.000, 0.000, 11.443, 1.000, 1.000
0.000, 0.000, 11.291, 1.000, 1.000
0.000, 0.000, 11.387, 1.000, 1.000
0.000, 0.000, 11.405, 1.000, 1.000
0.000, 0.000, 11.228, 1.000, 1.000
0.000, 0.000, 11.359, 1.000, 1.000
0.000, 0.000, 11.410, 1.000, 1.000
0.000, 0.000, 11.386, 1.000, 1.000
0.000, 0.000, 11.399, 1.000, 1.000, 100.639
0.000, 0.000, 11.447, 1.000, 1.000
0.000, 0.000, 11.596, 1.000, 1.000
0.000, 0.000, 11.350, 1.000, 1.000
0.000, 0.000, 11.523, 1.000, 1.000
0.001, 0.000, 11.328, 1.000, 1.000
0.000, 0.000, 11.340, 1.000, 1.000
0.000, 0.000, 11.275, 1.000, 1.000
0.000, 0.000, 11.174, 1.000, 1.000
0.000, 0.000, 11.263, 1.000, 1.000
0.000, 0.000, 11.193, 1.000, 1.000
0.000, 0.000, 11.241, 1.000, 1.000
0.000, 0.000, 11.301, 1.000, 1.000
0.000, 0.000, 11.363, 1.000, 1.000
0.000, 0.000, 11.245, 1.000, 1.000
0.000, 0.000, 11.442, 1.000, 1.000
0.000, 0.000, 11.345, 1.000, 1.000
0.000, 0.000, 11.378, 1.000, 1.000
0.000, 0.000, 11.198, 1.000, 1.000
0.000, 0.000, 11.353, 1.000, 1.000
0.000, 0.000, 11.301, 1.000, 1.000
0.000, 0.000, 11.327, 1.000, 1.000
0.000, 0.000, 11.398, 1.000, 1.000
0.000, 0.000, 11.477, 1.000, 1.000
0.000, 0.000, 11.341, 1.000, 1.000
0.000, 0.000, 11.393, 1.000, 1.000
0.000, 0.000, 11.309, 1.000, 1.000
0.000, 0.000, 11.395, 1.000, 1.000
0.000, 0.000, 11.506, 1.000, 1.000
0.000, 0.000, 11.540, 1.000, 1.000
0.000, 0.000, 11.473, 1.000, 1.000
0.000, 0.000, 11.314, 1.000, 1.000
0.000, 0.000, 11.325, 1.000, 1.000
0.000, 0.000, 11.462, 1.000, 1.000
0.000, 0.000, 11.418, 1.000, 1.000
0.000, 0.000, 11.332, 1.000, 1.000
0.000, 0.000, 11.216, 1.000, 1.000
0.000, 0.000, 11.481, 1.000, 1.000
0.000, 0.000, 11.332, 1.000, 1.000
0.000, 0.000, 11.582, 1.000, 1.000
0.000, 0.000, 11.296, 1.000, 1.000
0.000, 0.000, 11.427, 1.000, 1.000
0.000, 0.000, 11.357, 1.000, 1.000
0.000, 0.000, 11.283, 1.000, 1.000
0.000, 0.000, 11.511, 1.000, 1.000
0.000, 0.000, 11.497, 1.000, 1.000
0.000, 0.000, 11.387, 1.000, 1.000
0.000, 0.000, 11.464, 1.000, 1.000
0.000, 0.000, 11.451, 1.000, 1.000
0.000, 0.000, 11.393, 1.000, 1.000
0.000, 0.000, 11.228, 1.000, 1.000
0.000, 0.000, 11.423, 1.000, 1.000
0.000, 0.000, 11.412, 1.000, 1.000
0.000, 0.000, 11.386, 1.000, 1.000
0.000, 0.000, 11.299, 1.000, 1.000
0.000, 0.000, 11.413, 1.000, 1.000
0.000, 0.000, 11.332, 1.000, 1.000
0.000, 0.000, 11.391, 1.000, 1.000
0.000, 0.000, 11.416, 1.000, 1.000
0.000, 0.000, 11.383, 1.000, 1.000
0.000, 0.000, 11.299, 1.000, 1.000
0.000, 0.000, 11.215, 1.000, 1.000
0.000, 0.000, 11.537, 1.000, 1.000
0.000, 0.000, 11.247, 1.000, 1.000
0.000, 0.000, 11.394, 1.000, 1.000
0.000, 0.000, 11.421, 1.000, 1.000
0.000, 0.000, 11.570, 1.000, 1.000
0.000, 0.000, 11.317, 1.000, 1.000
0.000, 0.000, 11.397, 1.000, 1.000
0.000, 0.000, 11.405, 1.000, 1.000
0.000, 0.000, 11.265, 1.000, 1.000
0.000, 0.000, 11.310, 1.000, 1.000
0.000, 0.000, 11.336, 1.000, 1.000
0.000, 0.000, 11.410, 1.000, 1.000
0.000, 0.000, 11.517, 1.000, 1.000
0.000, 0.000, 11.205, 1.000, 1.000
0.000, 0.000, 11.529, 1.000, 1.000
0.000, 0.000, 11.250, 1.000, 1.000
0.000, 0.000, 11.457, 1.000, 1.000
0.000, 0.000, 11.334, 1.000, 1.000
0.000, 0.000, 11.450, 1.000, 1.000
0.000, 0.000, 11.367, 1.000, 1.000
0.000, 0.000, 11.385, 1.000, 1.000
0.000, 0.000, 11.450, 1.000, 1.000
0.000, 0.000, 11.367, 1.000, 1.000
0.000, 0.000, 11.389, 1.000, 1.000
0.000, 0.000, 11.443, 1.000, 1.000
0.000, 0.000, 11.492, 1.000, 1.000
0.000, 0.000, 11.431, 1.000, 1.000
0.000, 0.000, 11.292, 1.000, 1.000
0.000, 0.000, 11.271, 1.000, 1.000
0.000, 0.000, 11.350, 1.000, 1.000
0.000, 0.000, 11.426, 1.000, 1.000
0.000, 0.000, 11.493, 1.000, 1.000
0.000, 0.000, 11.398, 1.000, 1.000
0.000, 0.000, 11.481, 1.000, 1.000
0.000, 0.000, 11.443, 1.000, 1.000
0.000, 0.000, 11.563, 1.000, 1.000
0.000, 0.000, 11.368, 1.000, 1.000
0.000, 0.000, 11.358, 1.000, 1.000
0.000, 0.000, 11.372, 1.000, 1.000
0.000, 0.000, 11.441, 1.000, 1.000
0.000, 0.000, 11.284, 1.000, 1.000
0.000, 0.000, 11.474, 1.000, 1.000
0.000, 0.000, 11.693, 1.000, 1.000
0.000, 0.000, 11.384, 1.000, 1.000
0.000, 0.000, 11.367, 1.000, 1.000
0.000, 0.000, 11.500, 1.000, 1.000
0.000, 0.000, 11.516, 1.000, 1.000
0.000, 0.000, 11.416, 1.000, 1.000
0.000, 0.000, 11.516, 1.000, 1.000
0.000, 0.000, 11.495, 1.000, 1.000
0.000, 0.000, 11.682, 1.000, 1.000
0.000, 0.000, 11.434, 1.000, 1.000
0.000, 0.000, 11.524, 1.000, 1.000
0.000, 0.000, 11.593, 1.000, 1.000
0.000, 0.000, 11.635, 1.000, 1.000
0.000, 0.000, 11.549, 1.000, 1.000
0.000, 0.000, 11.518, 1.000, 1.000
0.000, 0.000, 11.411, 1.000, 1.000
0.000, 0.000, 11.538, 1.000, 1.000
0.008, 0.000, 10.545, 1.000, 1.000
0.000, 0.000, 9.954, 1.000, 1.000
0.000, 0.000, 9.833, 1.000, 1.000
0.000, 0.000, 9.675, 1.000, 1.000
0.000, 0.000, 9.823, 1.000, 1.000
0.000, 0.000, 9.893, 1.000, 1.000
0.000, 0.000, 9.887, 1.000, 1.000
0.000, 0.000, 9.976, 1.000, 1.000
0.000, 0.000, 10.041, 1.000, 1.000
0.000, 0.000, 9.995, 1.000, 1.000
0.000, 0.000, 10.113, 1.000, 1.000
0.000, 0.000, 10.215, 1.000, 1.000
0.000, 0.000, 10.104, 1.000, 1.000
0.000, 0.000, 10.293, 1.000, 1.000
0.000, 0.000, 10.283, 1.000, 1.000
0.000, 0.000, 10.273, 1.000, 1.000
0.000, 0.000, 10.132, 1.000, 1.000
0.000, 0.000, 10.238, 1.000, 1.000
0.000, 0.000, 10.397, 1.000, 1.000
0.000, 0.000, 10.331, 1.000, 1.000
0.000, 0.000, 10.242, 1.000, 1.000
0.000, 0.000, 10.428, 1.000, 1.000
0.000, 0.000, 10.632, 1.000, 1.000
0.000, 0.000, 10.295, 1.000, 1.000
0.000, 0.000, 10.475, 1.000, 1.000
0.000, 0.000, 10.426, 1.000, 1.000
0.000, 0.000, 10.589, 1.000, 1.000
0.000, 0.000, 10.299, 1.000, 1.000
0.000, 0.000, 10.495, 1.000, 1.000
0.000, 0.000, 10.609, 1.000, 1.000
0.000, 0.000, 10.490, 1.000, 1.000
0.000, 0.000, 10.627, 1.000, 1.000
0.000, 0.000, 10.494, 1.000, 1.000
0.000, 0.000, 10.721, 1.000, 1.000
0.000, 0.000, 10.554, 1.000, 1.000
0.000, 0.000, 10.802, 1.000, 1.000
0.000, 0.000, 10.773, 1.000, 1.000
0.000, 0.000, 10.649, 1.000, 1.000
0.000, 0.000, 10.727, 1.000, 1.000
0.000, 0.000, 10.669, 1.000, 1.000
0.011, 0.002, 6.040, 1.000, 1.000
0.000, 0.005, 9.714, 1.000, 1.000
0.000, 0.000, 10.546, 1.000, 1.000
0.000, 0.000, 10.876, 1.000, 1.000
0.000, 0.000, 10.947, 1.000, 1.000
0.000, 0.000, 10.905, 1.000, 1.000
0.000, 0.000, 10.850, 1.000, 1.000
0.000, 0.000, 10.973, 1.000, 1.000
0.000, 0.000, 10.899, 1.000, 1.000
0.000, 0.000, 10.799, 1.000, 1.000
0.000, 0.000, 10.904, 1.000, 1.000
0.000, 0.000, 10.936, 1.000, 1.000
0.000, 0.000, 10.933, 1.000, 1.000
0.000, 0.000, 10.861, 1.000, 1.000
0.000, 0.000, 11.080, 1.000, 1.000
0.000, 0.000, 10.930, 1.000, 1.000
0.000, 0.000, 10.867, 1.000, 1.000
0.000, 0.000, 10.946, 1.000, 1.000
0.000, 0.000, 10.972, 1.000, 1.000
0.000, 0.000, 10.868, 1.000, 1.000
0.000, 0.000, 10.768, 1.000, 1.000
0.000, 0.000, 10.880, 1.000, 1.000
0.000, 0.000, 10.972, 1.000, 1.000
0.000, 0.000, 10.903, 1.000, 1.000
0.000, 0.000, 10.858, 1.000, 1.000
0.000, 0.000, 11.001, 1.000, 1.000
0.000, 0.000, 11.177, 1.000, 1.000
0.000, 0.000, 11.153, 1.000, 1.000
0.000, 0.000, 10.885, 1.000, 1.000
0.000, 0.000, 10.987, 1.000, 1.000
0.000, 0.000, 11.118, 1.000, 1.000
0.000, 0.000, 11.011, 1.000, 1.000
0.000, 0.000, 11.168, 1.000, 1.000
0.000, 0.000, 11.144, 1.000, 1.000
0.000, 0.000, 11.062, 1.000, 1.000
0.000, 0.000, 11.066, 1.000, 1.000
0.000, 0.000, 10.944, 1.000, 1.000
0.000, 0.000, 11.050, 1.000, 1.000
0.000, 0.000, 10.955, 1.000, 1.000
0.000, 0.000, 11.063, 1.000, 1.000
0.003, 0.000, 10.837, 1.000, 1.000
0.000, 0.000, 10.626, 1.000, 1.000
0.000, 0.000, 10.554, 1.000, 1.000
0.000, 0.000, 10.455, 1.000, 1.000
0.000, 0.000, 10.522, 1.000, 1.000
0.000, 0.000, 10.572, 1.000, 1.000
0.000, 0.000, 10.571, 1.000, 1.000
0.000, 0.000, 10.598, 1.000, 1.000
0.000, 0.000, 10.662, 1.000, 1.000
0.000, 0.000, 10.632, 1.000, 1.000
0.000, 0.000, 10.665, 1.000, 1.000
0.000, 0.000, 10.594, 1.000, 1.000
0.000, 0.000, 10.739, 1.000, 1.000
0.000, 0.000, 10.634, 1.000, 1.000
0.000, 0.000, 10.515, 1.000, 1.000
0.000, 0.000, 10.673, 1.000, 1.000
0.000, 0.000, 10.689, 1.000, 1.000
0.000, 0.000, 10.653, 1.000, 1.000
0.000, 0.000, 10.775, 1.000, 1.000
0.000, 0.000, 10.769, 1.000, 1.000
0.000, 0.000, 10.769, 1.000, 1.000
0.000, 0.000, 10.599, 1.000, 1.000
0.000, 0.000, 10.738, 1.000, 1.000
0.000, 0.000, 10.629, 1.000, 1.000
0.000, 0.000, 10.765, 1.000, 1.000
0.000, 0.000, 10.725, 1.000, 1.000
0.000, 0.000, 10.793, 1.000, 1.000
0.000, 0.000, 10.769, 1.000, 1.000
0.000, 0.000, 10.745, 1.000, 1.000
0.000, 0.000, 10.816, 1.000, 1.000
0.000, 0.000, 10.765, 1.000, 1.000
0.000, 0.000, 11.053, 1.000, 1.000
0.000, 0.000, 10.798, 1.000, 1.000
0.000, 0.000, 10.861, 1.000, 1.000
0.000, 0.000, 10.909, 1.000, 1.000
0.000, 0.000, 10.739, 1.000, 1.000
0.000, 0.000, 10.728, 1.000, 1.000
0.000, 0.000, 10.811, 1.000, 1.000
0.000, 0.000, 10.841, 1.000, 1.000
0.000, 0.000, 10.810, 1.000, 1.000
0.000, 0.000, 10.739, 1.000, 1.000
0.000, 0.000, 10.924, 1.000, 1.000
0.000, 0.000, 10.814, 1.000, 1.000
0.000, 0.000, 10.938, 1.000, 1.000
0.000, 0.000, 10.957, 1.000, 1.000
0.000, 0.000, 10.828, 1.000, 1.000
0.000, 0.000, 10.918, 1.000, 1.000
0.000, 0.000, 10.925, 1.000, 1.000
0.000, 0.000, 10.791, 1.000, 1.000
0.000, 0.000, 10.909, 1.000, 1.000
0.000, 0.000, 11.020, 1.000, 1.000
0.000, 0.000, 10.862, 1.000, 1.000
0.000, 0.000, 10.942, 1.000, 1.000
0.000, 0.000, 10.957, 1.000, 1.000
0.000, 0.000, 10.876, 1.000, 1.000
0.000, 0.000, 10.838, 1.000, 1.000
0.000, 0.000, 10.911, 1.000, 1.000
0.000, 0.000, 11.022, 1.000, 1.000
0.000, 0.000, 11.001, 1.000, 1.000
0.000, 0.000, 11.044, 1.000, 1.000
0.000, 0.000, 10.953, 1.000, 1.000
0.000, 0.000, 11.037, 1.000, 1.000
0.000, 0.000, 10.967, 1.000, 1.000
0.000, 0.000, 10.932, 1.000, 1.000
0.000, 0.000, 10.952, 1.000, 1.000
0.000, 0.000, 10.955, 1.000, 1.000
0.000, 0.000, 11.173, 1.000, 1.000
0.000, 0.000, 11.054, 1.000, 1.000
0.000, 0.000, 10.868, 1.000, 1.000
0.000, 0.000, 11.090, 1.000, 1.000
0.000, 0.000, 11.083, 1.000, 1.000
0.000, 0.000, 11.060, 1.000, 1.000
0.000, 0.000, 11.013, 1.000, 1.000
0.000, 0.000, 11.150, 1.000, 1.000
0.000, 0.000, 11.020, 1.000, 1.000
0.000, 0.000, 11.071, 1.000, 1.000
0.000, 0.000, 10.915, 1.000, 1.000
0.000, 0.000, 10.930, 1.000, 1.000
0.000, 0.000, 11.241, 1.000, 1.000
0.000, 0.000, 11.283, 1.000, 1.000
0.000, 0.000, 11.031, 1.000, 1.000
0.000, 0.000, 10.891, 1.000, 1.000
0.000, 0.000, 11.213, 1.000, 1.000
0.000, 0.000, 11.171, 1.000, 1.000
0.000, 0.000, 11.017, 1.000, 1.000
0.000, 0.000, 11.146, 1.000, 1.000
0.000, 0.000, 11.263, 1.000, 1.000
0.000, 0.000, 11.095, 1.000, 1.000
0.000, 0.000, 11.164, 1.000, 1.000
0.000, 0.000, 11.125, 1.000, 1.000
0.000, 0.000, 11.118, 1.000, 1.000
0.000, 0.000, 11.274, 1.000, 1.000
0.001, 0.000, 11.040, 1.000, 1.000
0.000, 0.000, 11.014, 1.000, 1.000
0.000, 0.000, 10.954, 1.000, 1.000
0.000, 0.000, 10.828, 1.000, 1.000
0.000, 0.000, 10.991, 1.000, 1.000
0.000, 0.000, 10.890, 1.000, 1.000
0.000, 0.000, 11.039, 1.000, 1.000
0.000, 0.000, 10.874, 1.000, 1.000
0.000, 0.000, 10.859, 1.000, 1.000
0.000, 0.000, 10.980, 1.000, 1.000
0.000, 0.000, 10.912, 1.000, 1.000
0.000, 0.000, 11.000, 1.000, 1.000
0.000, 0.000, 10.984, 1.000, 1.000
0.000, 0.000, 10.941, 1.000, 1.000
0.000, 0.000, 11.032, 1.000, 1.000
0.000, 0.000, 10.904, 1.000, 1.000
0.000, 0.000, 11.141, 1.000, 1.000
0.000, 0.000, 11.057, 1.000, 1.000
0.000, 0.000, 10.930, 1.000, 1.000
0.000, 0.000, 11.010, 1.000, 1.000
0.000, 0.000, 11.079, 1.000, 1.000
0.000, 0.000, 11.177, 1.000, 1.000
0.000, 0.000, 11.018, 1.000, 1.000
0.000, 0.000, 11.068, 1.000, 1.000
0.000, 0.000, 10.989, 1.000, 1.000
0.000, 0.000, 11.196, 1.000, 1.000
0.000, 0.000, 10.984, 1.000, 1.000
0.000, 0.000, 10.991, 1.000, 1.000
0.000, 0.000, 11.104, 1.000, 1.000
0.000, 0.000, 10.841, 1.000, 1.000
0.000, 0.000, 11.022, 1.000, 1.000
0.000, 0.000, 11.160, 1.000, 1.000
0.000, 0.000, 11.109, 1.000, 1.000
0.000, 0.000, 10.953, 1.000, 1.000
0.000, 0.000, 11.164, 1.000, 1.000
0.000, 0.000, 11.459, 1.000, 1.000
0.000, 0.000, 11.189, 1.000, 1.000
0.000, 0.000, 11.246, 1.000, 1.000
0.000, 0.000, 11.088, 1.000, 1.000
0.000, 0.000, 11.055, 1.000, 1.000
0.000, 0.000, 11.161, 1.000, 1.000
0.000, 0.000, 11.180, 1.000, 1.000
0.000, 0.000, 11.213, 1.000, 1.000
0.000, 0.000, 11.367, 1.000, 1.000
0.000, 0.000, 11.187, 1.000, 1.000
0.000, 0.000, 11.241, 1.000, 1.000
0.000, 0.000, 11.278, 1.000, 1.000
0.000, 0.000, 11.268, 1.000, 1.000
0.000, 0.000, 11.324, 1.000, 1.000
0.000, 0.000, 11.362, 1.000, 1.000
0.000, 0.000, 11.143, 1.000, 1.000
0.000, 0.000, 11.294, 1.000, 1.000
0.000, 0.000, 11.347, 1.000, 1.000
0.000, 0.000, 11.190, 1.000, 1.000
0.000, 0.000, 11.277, 1.000, 1.000
0.000, 0.000, 11.095, 1.000, 1.000
0.000, 0.000, 11.288, 1.000, 1.000
0.000, 0.000, 11.293, 1.000, 1.000
0.000, 0.000, 11.160, 1.000, 1.000
0.000, 0.000, 11.443, 1.000, 1.000
0.000, 0.000, 11.349, 1.000, 1.000
0.000, 0.000, 11.341, 1.000, 1.000
0.000, 0.000, 11.428, 1.000, 1.000
0.000, 0.000, 11.215, 1.000, 1.000
0.000, 0.000, 11.295, 1.000, 1.000
0.000, 0.000, 11.319, 1.000, 1.000
0.000, 0.000, 11.391, 1.000, 1.000
0.000, 0.000, 11.263, 1.000, 1.000
0.000, 0.000, 11.146, 1.000, 1.000
0.000, 0.000, 11.374, 1.000, 1.000
0.000, 0.000, 11.259, 1.000, 1.000
0.000, 0.000, 11.520, 1.000, 1.000
0.000, 0.000, 11.327, 1.000, 1.000
0.000, 0.000, 11.385, 1.000, 1.000
0.000, 0.000, 11.338, 1.000, 1.000
0.000, 0.000, 11.364, 1.000, 1.000
0.000, 0.000, 11.555, 1.000, 1.000
0.000, 0.000, 11.530, 1.000, 1.000
0.000, 0.000, 11.272, 1.000, 1.000
0.000, 0.000, 11.313, 1.000, 1.000
0.000, 0.000, 11.398, 1.000, 1.000
0.000, 0.000, 11.476, 1.000, 1.000
0.000, 0.000, 11.452, 1.000, 1.000
0.000, 0.000, 11.450, 1.000, 1.000
0.000, 0.000, 11.503, 1.000, 1.000
0.000, 0.000, 11.300, 1.000, 1.000
0.000, 0.000, 11.433, 1.000, 1.000
0.000, 0.000, 11.374, 1.000, 1.000
0.000, 0.000, 11.388, 1.000, 1.000
0.000, 0.000, 11.460, 1.000, 1.000
0.000, 0.000, 11.303, 1.000, 1.000
0.000, 0.000, 11.222, 1.000, 1.000
0.000, 0.000, 11.220, 1.000, 1.000
0.000, 0.000, 11.293, 1.000, 1.000
0.000, 0.000, 11.244, 1.000, 1.000
0.000, 0.000, 11.288, 1.000, 1.000
0.000, 0.000, 11.208, 1.000, 1.000
0.000, 0.000, 11.254, 1.000, 1.000
0.000, 0.000, 11.148, 1.000, 1.000
0.000, 0.000, 11.278, 1.000, 1.000
0.000, 0.000, 11.286, 1.000, 1.000
0.000, 0.000, 11.281, 1.000, 1.000
0.000, 0.000, 11.204, 1.000, 1.000
0.000, 0.000, 11.427, 1.000, 1.000
0.000, 0.000, 11.239, 1.000, 1.000
0.000, 0.000, 11.336, 1.000, 1.000
0.000, 0.000, 11.288, 1.000, 1.000
0.000, 0.000, 11.187, 1.000, 1.000
0.000, 0.000, 11.203, 1.000, 1.000
0.000, 0.000, 11.374, 1.000, 1.000
0.000, 0.000, 11.418, 1.000, 1.000
0.000, 0.000, 11.354, 1.000, 1.000
0.000, 0.000, 11.359, 1.000, 1.000
0.000, 0.000, 11.377, 1.000, 1.000
0.000, 0.000, 11.408, 1.000, 1.000
0.000, 0.000, 11.333, 1.000, 1.000
0.000, 0.000, 11.297, 1.000, 1.000
0.000, 0.000, 11.337, 1.000, 1.000
0.000, 0.000, 11.385, 1.000, 1.000
0.000, 0.000, 11.543, 1.000, 1.000
0.000, 0.000, 11.447, 1.000, 1.000
0.000, 0.000, 11.343, 1.000, 1.000
0.000, 0.000, 11.342, 1.000, 1.000
0.000, 0.000, 11.405, 1.000, 1.000
0.000, 0.000, 11.400, 1.000, 1.000
0.000, 0.000, 11.369, 1.000, 1.000
0.000, 0.000, 11.580, 1.000, 1.000
0.000, 0.000, 11.633, 1.000, 1.000
0.000, 0.000, 11.334, 1.000, 1.000
0.000, 0.000, 11.468, 1.000, 1.000
0.000, 0.000, 11.502, 1.000, 1.000
0.000, 0.000, 11.517, 1.000, 1.000
0.000, 0.000, 11.328, 1.000, 1.000
0.000, 0.000, 11.478, 1.000, 1.000
0.000, 0.000, 11.398, 1.000, 1.000
0.000, 0.000, 11.434, 1.000, 1.000
0.000, 0.000, 11.460, 1.000, 1.000
0.000, 0.000, 11.520, 1.000, 1.000
0.000, 0.000, 11.364, 1.000, 1.000
0.000, 0.000, 11.530, 1.000, 1.000
0.000, 0.000, 11.564, 1.000, 1.000
0.000, 0.000, 11.579, 1.000, 1.000
0.000, 0.000, 11.445, 1.000, 1.000
0.000, 0.000, 11.568, 1.000, 1.000
0.000, 0.000, 11.538, 1.000, 1.000
0.000, 0.000, 11.777, 1.000, 1.000
0.000, 0.000, 11.511, 1.000, 1.000
0.000, 0.000, 11.506, 1.000, 1.000
0.000, 0.000, 11.419, 1.000, 1.000
0.000, 0.000, 11.577, 1.000, 1.000
0.000, 0.000, 11.543, 1.000, 1.000
0.000, 0.000, 11.418, 1.000, 1.000
0.000, 0.000, 11.726, 1.000, 1.000
0.000, 0.000, 11.550, 1.000, 1.000
0.000, 0.000, 11.542, 1.000, 1.000
0.000, 0.000, 11.674, 1.000, 1.000
0.000, 0.000, 11.561, 1.000, 1.000
0.000, 0.000, 11.538, 1.000, 1.000
0.000, 0.000, 11.512, 1.000, 1.000
0.002, 0.000, 10.848, 1.000, 1.000
0.000, 0.000, 10.699, 1.000, 1.000
0.000, 0.000, 10.633, 1.000, 1.000
0.000, 0.000, 10.516, 1.000, 1.000
0.000, 0.000, 10.603, 1.000, 1.000
0.000, 0.000, 10.693, 1.000, 1.000
0.000, 0.000, 10.711, 1.000, 1.000
0.000, 0.000, 10.678, 1.000, 1.000
0.000, 0.000, 10.916, 1.000, 1.000
0.000, 0.000, 10.920, 1.000, 1.000
0.000, 0.000, 10.849, 1.000, 1.000
0.000, 0.000, 10.912, 1.000, 1.000
0.000, 0.000, 10.842, 1.000, 1.000
0.000, 0.000, 10.932, 1.000, 1.000
0.000, 0.000, 10.928, 1.000, 1.000
0.000, 0.000, 10.910, 1.000, 1.000
0.000, 0.000, 11.076, 1.000, 1.000
0.000, 0.000, 10.919, 1.000, 1.000
0.000, 0.000, 11.059, 1.000, 1.000
0.000, 0.000, 10.828, 1.000, 1.000
0.000, 0.000, 11.127, 1.000, 1.000
0.000, 0.000, 10.935, 1.000, 1.000
0.000, 0.000, 10.986, 1.000, 1.000
0.000, 0.000, 11.133, 1.000, 1.000
0.000, 0.000, 10.896, 1.000, 1.000
0.000, 0.000, 11.123, 1.000, 1.000
0.000, 0.000, 11.161, 1.000, 1.000
0.000, 0.000, 11.116, 1.000, 1.000
0.000, 0.000, 11.076, 1.000, 1.000
0.000, 0.000, 11.088, 1.000, 1.000
0.000, 0.000, 11.061, 1.000, 1.000
0.000, 0.000, 11.121, 1.000, 1.000
0.000, 0.000, 11.164, 1.000, 1.000
0.000, 0.000, 11.073, 1.000, 1.000
0.000, 0.000, 11.216, 1.000, 1.000
0.000, 0.000, 11.127, 1.000, 1.000
0.000, 0.000, 11.233, 1.000, 1.000
0.000, 0.000, 11.123, 1.000, 1.000
0.000, 0.000, 11.273, 1.000, 1.000
0.000, 0.000, 11.204, 1.000, 1.000
0.000, 0.000, 11.117, 1.000, 1.000
0.000, 0.000, 11.349, 1.000, 1.000
0.000, 0.000, 11.349, 1.000, 1.000
0.000, 0.000, 11.406, 1.000, 1.000
0.000, 0.000, 11.206, 1.000, 1.000
0.000, 0.000, 11.217, 1.000, 1.000
0.000, 0.000, 11.322, 1.000, 1.000
0.000, 0.000, 11.248, 1.000, 1.000
0.000, 0.000, 11.438, 1.000, 1.000
0.000, 0.000, 11.368, 1.000, 1.000
0.000, 0.000, 11.390, 1.000, 1.000
0.000, 0.000, 11.471, 1.000, 1.000
0.000, 0.000, 11.197, 1.000, 1.000
0.000, 0.000, 11.343, 1.000, 1.000
0.000, 0.000, 11.358, 1.000, 1.000
0.000, 0.000, 11.274, 1.000, 1.000
0.000, 0.000, 11.382, 1.000, 1.000
0.000, 0.000, 11.346, 1.000, 1.000
0.000, 0.000, 11.277, 1.000, 1.000
0.000, 0.000, 11.317, 1.000, 1.000
0.000, 0.000, 11.436, 1.000, 1.000
0.000, 0.000, 11.515, 1.000, 1.000
0.000, 0.000, 11.457, 1.000, 1.000
0.000, 0.000, 11.257, 1.000, 1.000
0.000, 0.000, 11.530, 1.000, 1.000
0.000, 0.000, 11.560, 1.000, 1.000
0.000, 0.000, 11.516, 1.000, 1.000
0.000, 0.000, 11.479, 1.000, 1.000
0.000, 0.000, 11.501, 1.000, 1.000
0.000, 0.000, 11.560, 1.000, 1.000
0.000, 0.000, 11.386, 1.000, 1.000
0.000, 0.000, 11.611, 1.000, 1.000
0.000, 0.000, 11.481, 1.000, 1.000
0.000, 0.000, 11.518, 1.000, 1.000
0.000, 0.000, 11.554, 1.000, 1.000
0.000, 0.000, 11.566, 1.000, 1.000
0.000, 0.000, 11.429, 1.000, 1.000
0.000, 0.000, 11.565, 1.000, 1.000
0.000, 0.000, 11.621, 1.000, 1.000
0.000, 0.000, 11.706, 1.000, 1.000
0.000, 0.000, 11.565, 1.000, 1.000
0.000, 0.000, 11.505, 1.000, 1.000
0.000, 0.000, 11.625, 1.000, 1.000
0.000, 0.000, 11.386, 1.000, 1.000
0.000, 0.000, 11.568, 1.000, 1.000
0.000, 0.000, 11.623, 1.000, 1.000
0.000, 0.000, 11.635, 1.000, 1.000
0.000, 0.000, 11.560, 1.000, 1.000
0.000, 0.000, 11.687, 1.000, 1.000
0.000, 0.000, 11.760, 1.000, 1.000
0.000, 0.000, 11.657, 1.000, 1.000
0.000, 0.000, 11.626, 1.000, 1.000
0.000, 0.000, 11.532, 1.000, 1.000
0.000, 0.000, 11.799, 1.000, 1.000
0.000, 0.000, 11.697, 1.000, 1.000
0.000, 0.000, 11.564, 1.000, 1.000
0.000, 0.000, 11.720, 1.000, 1.000
0.000, 0.000, 11.611, 1.000, 1.000
0.000, 0.000, 11.729, 1.000, 1.000
0.000, 0.000, 11.601, 1.000, 1.000
0.000, 0.000, 11.563, 1.000, 1.000
0.000, 0.000, 11.609, 1.000, 1.000
0.000, 0.000, 11.754, 1.000, 1.000
0.000, 0.000, 11.819, 1.000, 1.000
0.000, 0.000, 11.592, 1.000, 1.000
0.000, 0.000, 11.595, 1.000, 1.000
0.000, 0.000, 11.555, 1.000, 1.000
0.000, 0.000, 11.657, 1.000, 1.000
0.000, 0.000, 11.751, 1.000, 1.000
0.000, 0.000, 11.698, 1.000, 1.000
0.000, 0.000, 11.687, 1.000, 1.000
0.000, 0.000, 11.616, 1.000, 1.000
0.000, 0.000, 11.803, 1.000, 1.000
0.000, 0.000, 11.474, 1.000, 1.000
0.000, 0.000, 11.806, 1.000, 1.000
0.000, 0.000, 11.646, 1.000, 1.000
0.000, 0.000, 11.622, 1.000, 1.000
0.000, 0.000, 11.645, 1.000, 1.000
0.000, 0.000, 11.738, 1.000, 1.000
0.000, 0.000, 11.691, 1.000, 1.000
0.000, 0.000, 11.609, 1.000, 1.000
0.000, 0.000, 11.831, 1.000, 1.000
0.000, 0.000, 11.727, 1.000, 1.000
0.000, 0.000, 11.669, 1.000, 1.000
0.001, 0.000, 11.257, 1.000, 1.000
0.000, 0.000, 11.133, 1.000, 1.000
0.000, 0.000, 11.241, 1.000, 1.000
0.000, 0.000, 11.159, 1.000, 1.000
0.000, 0.000, 11.140, 1.000, 1.000
0.000, 0.000, 11.165, 1.000, 1.000
0.000, 0.000, 11.372, 1.000, 1.000
0.000, 0.000, 11.317, 1.000, 1.000
0.000, 0.000, 11.338, 1.000, 1.000
0.000, 0.000, 11.227, 1.000, 1.000
0.000, 0.000, 11.337, 1.000, 1.000
0.000, 0.000, 11.171, 1.000, 1.000
0.000, 0.000, 11.369, 1.000, 1.000
0.000, 0.000, 11.393, 1.000, 1.000
0.000, 0.000, 11.390, 1.000, 1.000
0.000, 0.000, 11.492, 1.000, 1.000
0.000, 0.000, 11.336, 1.000, 1.000
0.000, 0.000, 11.412, 1.000, 1.000
0.000, 0.000, 11.318, 1.000, 1.000
0.000, 0.000, 11.375, 1.000, 1.000
0.000, 0.000, 11.407, 1.000, 1.000
0.000, 0.000, 11.358, 1.000, 1.000
0.000, 0.000, 11.317, 1.000, 1.000
0.000, 0.000, 11.479, 1.000, 1.000
0.000, 0.000, 11.369, 1.000, 1.000
0.000, 0.000, 11.488, 1.000, 1.000
0.000, 0.000, 11.530, 1.000, 1.000
0.000, 0.000, 11.573, 1.000, 1.000
0.000, 0.000, 11.469, 1.000, 1.000
0.000, 0.000, 11.513, 1.000, 1.000
0.000, 0.000, 11.407, 1.000, 1.000
0.000, 0.000, 11.553, 1.000, 1.000
0.000, 0.000, 11.494, 1.000, 1.000
0.000, 0.000, 11.400, 1.000, 1.000
0.000, 0.000, 11.468, 1.000, 1.000
0.000, 0.000, 11.498, 1.000, 1.000
0.000, 0.000, 11.511, 1.000, 1.000
0.000, 0.000, 11.597, 1.000, 1.000
0.000, 0.000, 11.689, 1.000, 1.000
0.000, 0.000, 11.495, 1.000, 1.000
0.000, 0.000, 11.728, 1.000, 1.000
0.000, 0.000, 11.662, 1.000, 1.000
0.000, 0.000, 11.561, 1.000, 1.000
0.000, 0.000, 11.513, 1.000, 1.000
0.000, 0.000, 11.661, 1.000, 1.000
0.000, 0.000, 11.523, 1.000, 1.000
0.000, 0.000, 11.657, 1.000, 1.000
0.000, 0.000, 11.593, 1.000, 1.000
0.000, 0.000, 11.633, 1.000, 1.000
0.000, 0.000, 11.599, 1.000, 1.000
0.000, 0.000, 11.513, 1.000, 1.000
0.000, 0.000, 11.664, 1.000, 1.000
0.000, 0.000, 11.602, 1.000, 1.000
0.000, 0.000, 11.610, 1.000, 1.000
0.000, 0.000, 11.621, 1.000, 1.000
0.000, 0.000, 11.609, 1.000, 1.000
0.000, 0.000, 11.763, 1.000, 1.000
0.000, 0.000, 11.646, 1.000, 1.000
0.000, 0.000, 11.667, 1.000, 1.000
0.000, 0.000, 11.717, 1.000, 1.000
0.000, 0.000, 11.808, 1.000, 1.000
0.000, 0.000, 11.799, 1.000, 1.000
0.000, 0.000, 11.811, 1.000, 1.000
0.000, 0.000, 11.744, 1.000, 1.000
0.000, 0.000, 11.637, 1.000, 1.000
0.000, 0.000, 11.758, 1.000, 1.000
0.000, 0.000, 11.669, 1.000, 1.000
0.000, 0.000, 11.852, 1.000, 1.000
0.000, 0.000, 11.615, 1.000, 1.000
0.000, 0.000, 11.755, 1.000, 1.000
0.000, 0.000, 11.619, 1.000, 1.000
0.000, 0.000, 11.654, 1.000, 1.000
0.000, 0.000, 11.822, 1.000, 1.000
0.000, 0.000, 11.778, 1.000, 1.000
0.000, 0.000, 11.877, 1.000, 1.000
0.000, 0.000, 11.662, 1.000, 1.000
0.000, 0.000, 12.005, 1.000, 1.000
0.000, 0.000, 11.793, 1.000, 1.000
0.000, 0.000, 11.766, 1.000, 1.000
0.000, 0.000, 11.653, 1.000, 1.000
0.000, 0.000, 11.767, 1.000, 1.000
0.000, 0.000, 11.943, 1.000, 1.000
0.000, 0.000, 11.836, 1.000, 1.000
0.000, 0.000, 11.972, 1.000, 1.000
0.000, 0.000, 11.836, 1.000, 1.000
0.000, 0.000, 11.886, 1.000, 1.000
0.000, 0.000, 11.964, 1.000, 1.000
0.000, 0.000, 11.846, 1.000, 1.000
0.000, 0.000, 11.984, 1.000, 1.000
0.000, 0.000, 11.927, 1.000, 1.000
0.000, 0.000, 11.783, 1.000, 1.000
0.000, 0.000, 11.897, 1.000, 1.000
0.000, 0.000, 11.871, 1.000, 1.000
0.000, 0.000, 11.958, 1.000, 1.000
0.000, 0.000, 11.974, 1.000, 1.000
0.000, 0.000, 11.893, 1.000, 1.000
0.000, 0.000, 11.920, 1.000, 1.000
0.000, 0.000, 11.875, 1.000, 1.000
0.000, 0.000, 11.916, 1.000, 1.000
0.000, 0.000, 11.794, 1.000, 1.000
0.000, 0.000, 11.849, 1.000, 1.000
0.000, 0.000, 11.845, 1.000, 1.000
0.000, 0.000, 11.887, 1.000, 1.000
0.000, 0.000, 11.991, 1.000, 1.000
0.000, 0.000, 11.795, 1.000, 1.000
0.000, 0.000, 12.010, 1.000, 1.000
0.000, 0.000, 12.040, 1.000, 1.000
0.000, 0.000, 11.759, 1.000, 1.000
0.000, 0.000, 11.904, 1.000, 1.000
0.000, 0.000, 12.011, 1.000, 1.000
0.000, 0.000, 11.961, 1.000, 1.000
0.000, 0.000, 12.005, 1.000, 1.000
0.000, 0.000, 12.019, 1.000, 1.000
0.000, 0.000, 11.967, 1.000, 1.000
0.000, 0.000, 11.840, 1.000, 1.000
0.000, 0.000, 12.000, 1.000, 1.000
0.000, 0.000, 12.055, 1.000, 1.000
0.000, 0.000, 12.009, 1.000, 1.000
0.000, 0.000, 11.957, 1.000, 1.000
0.000, 0.000, 12.145, 1.000, 1.000
0.000, 0.000, 12.052, 1.000, 1.000
0.000, 0.000, 11.956, 1.000, 1.000
0.000, 0.000, 12.109, 1.000, 1.000
0.000, 0.000, 12.008, 1.000, 1.000
0.000, 0.000, 12.048, 1.000, 1.000
0.000, 0.000, 12.048, 1.000, 1.000
0.000, 0.000, 11.828, 1.000, 1.000
0.000, 0.000, 11.950, 1.000, 1.000
0.000, 0.000, 12.092, 1.000, 1.000
0.000, 0.000, 11.986, 1.000, 1.000
0.000, 0.000, 11.982, 1.000, 1.000
0.000, 0.000, 12.052, 1.000, 1.000
0.000, 0.000, 12.026, 1.000, 1.000
0.000, 0.000, 11.918, 1.000, 1.000
0.000, 0.000, 12.247, 1.000, 1.000
0.000, 0.000, 11.999, 1.000, 1.000
0.000, 0.000, 12.066, 1.000, 1.000
0.000, 0.000, 12.093, 1.000, 1.000
0.000, 0.000, 12.009, 1.000, 1.000
0.000, 0.000, 11.936, 1.000, 1.000
0.000, 0.000, 11.879, 1.000, 1.000
0.000, 0.000, 12.016, 1.000, 1.000
0.000, 0.000, 12.020, 1.000, 1.000
0.000, 0.000, 11.958, 1.000, 1.000
0.000, 0.000, 12.046, 1.000, 1.000
0.000, 0.000, 12.021, 1.000, 1.000
0.000, 0.000, 12.183, 1.000, 1.000
0.000, 0.000, 12.059, 1.000, 1.000
0.000, 0.000, 11.985, 1.000, 1.000
0.000, 0.000, 12.094, 1.000, 1.000
0.000, 0.000, 12.192, 1.000, 1.000
0.000, 0.000, 12.170, 1.000, 1.000
0.000, 0.000, 12.164, 1.000, 1.000
0.000, 0.000, 12.209, 1.000, 1.000
0.000, 0.000, 12.158, 1.000, 1.000
0.000, 0.000, 12.109, 1.000, 1.000
0.000, 0.000, 12.219, 1.000, 1.000
0.000, 0.000, 11.976, 1.000, 1.000
0.000, 0.000, 12.107, 1.000, 1.000
0.000, 0.000, 12.179, 1.000, 1.000
0.000, 0.000, 12.244, 1.000, 1.000
0.000, 0.000, 11.970, 1.000, 1.000
0.000, 0.000, 12.082, 1.000, 1.000
0.000, 0.000, 12.029, 1.000, 1.000
0.000, 0.000, 12.165, 1.000, 1.000
0.000, 0.000, 12.137, 1.000, 1.000
0.000, 0.000, 12.380, 1.000, 1.000
0.000, 0.000, 12.159, 1.000, 1.000
0.000, 0.000, 12.134, 1.000, 1.000
0.000, 0.000, 12.310, 1.000, 1.000
0.000, 0.000, 12.083, 1.000, 1.000
0.000, 0.000, 12.216, 1.000, 1.000
0.000, 0.000, 12.335, 1.000, 1.000
0.000, 0.000, 12.312, 1.000, 1.000
0.000, 0.000, 12.212, 1.000, 1.000
0.000, 0.000, 12.001, 1.000, 1.000
0.000, 0.000, 12.248, 1.000, 1.000
0.000, 0.000, 12.228, 1.000, 1.000
0.000, 0.000, 12.092, 1.000, 1.000
0.000, 0.000, 12.177, 1.000, 1.000
0.000, 0.000, 12.075, 1.000, 1.000
0.000, 0.000, 12.206, 1.000, 1.000
0.000, 0.000, 12.300, 1.000, 1.000
0.000, 0.000, 12.213, 1.000, 1.000
0.000, 0.000, 12.124, 1.000, 1.000
0.000, 0.000, 12.080, 1.000, 1.000
0.000, 0.000, 12.430, 1.000, 1.000
0.000, 0.000, 12.234, 1.000, 1.000
0.000, 0.000, 12.256, 1.000, 1.000
0.000, 0.000, 12.329, 1.000, 1.000
0.000, 0.000, 12.378, 1.000, 1.000
0.000, 0.000, 12.262, 1.000, 1.000
0.000, 0.000, 12.230, 1.000, 1.000
0.000, 0.000, 12.382, 1.000, 1.000
0.000, 0.000, 12.208, 1.000, 1.000
0.000, 0.000, 12.163, 1.000, 1.000
0.000, 0.000, 12.300, 1.000, 1.000
0.000, 0.000, 12.351, 1.000, 1.000
0.000, 0.000, 12.094, 1.000, 1.000
0.000, 0.000, 12.315, 1.000, 1.000
0.000, 0.000, 12.159, 1.000, 1.000
0.000, 0.000, 12.331, 1.000, 1.000
0.000, 0.000, 12.337, 1.000, 1.000
0.000, 0.000, 12.351, 1.000, 1.000
0.000, 0.000, 12.261, 1.000, 1.000
0.000, 0.000, 12.362, 1.000, 1.000
0.000, 0.000, 12.181, 1.000, 1.000
0.000, 0.000, 12.253, 1.000, 1.000
0.000, 0.000, 12.376, 1.000, 1.000
0.000, 0.000, 12.285, 1.000, 1.000
0.000, 0.000, 12.342, 1.000, 1.000
0.000, 0.000, 12.237, 1.000, 1.000
0.000, 0.000, 12.277, 1.000, 1.000
0.000, 0.000, 12.410, 1.000, 1.000
0.000, 0.000, 12.347, 1.000, 1.000
0.000, 0.000, 12.217, 1.000, 1.000
0.000, 0.000, 12.412, 1.000, 1.000
0.000, 0.000, 12.263, 1.000, 1.000
0.000, 0.000, 12.459, 1.000, 1.000
0.000, 0.000, 12.284, 1.000, 1.000
0.000, 0.000, 12.288, 1.000, 1.000
0.000, 0.000, 12.338, 1.000, 1.000
0.000, 0.000, 12.414, 1.000, 1.000
0.000, 0.000, 12.150, 1.000, 1.000
0.000, 0.000, 12.433, 1.000, 1.000
0.000, 0.000, 12.299, 1.000, 1.000
0.000, 0.000, 12.384, 1.000, 1.000
0.000, 0.000, 12.420, 1.000, 1.000
0.000, 0.000, 12.306, 1.000, 1.000
0.000, 0.000, 12.227, 1.000, 1.000
0.000, 0.000, 12.219, 1.000, 1.000
0.000, 0.000, 12.312, 1.000, 1.000
0.000, 0.000, 12.305, 1.000, 1.000
0.000, 0.000, 12.172, 1.000, 1.000
0.004, 0.000, 6.408, 1.000, 1.000
0.000, 0.009, 12.557, 1.000, 1.000
0.000, 0.000, 14.147, 1.000, 1.000
0.000, 0.000, 14.529, 1.000, 1.000
0.000, 0.000, 14.368, 1.000, 1.000
0.000, 0.000, 14.589, 1.000, 1.000
0.000, 0.000, 14.499, 1.000, 1.000
0.000, 0.000, 14.369, 1.000, 1.000
0.000, 0.000, 14.532, 1.000, 1.000
0.000, 0.000, 14.293, 1.000, 1.000
0.008, 0.000, 13.151, 1.000, 1.000
0.002, 0.000, 12.478, 1.000, 1.000
0.000, 0.000, 12.487, 1.000, 1.000
0.000, 0.000, 12.313, 1.000, 1.000
0.000, 0.000, 12.294, 1.000, 1.000
0.000, 0.000, 12.318, 1.000, 1.000
0.000, 0.000, 12.460, 1.000, 1.000
0.000, 0.000, 12.499, 1.000, 1.000
0.000, 0.000, 12.378, 1.000, 1.000
0.000, 0.000, 12.170, 1.000, 1.000
0.000, 0.000, 12.547, 1.000, 1.000
0.000, 0.000, 12.499, 1.000, 1.000
0.000, 0.000, 12.316, 1.000, 1.000
0.000, 0.000, 12.376, 1.000, 1.000
0.000, 0.000, 12.449, 1.000, 1.000
0.000, 0.000, 12.390, 1.000, 1.000
0.000, 0.000, 12.396, 1.000, 1.000
0.000, 0.000, 12.330, 1.000, 1.000
0.000, 0.000, 12.323, 1.000, 1.000
0.000, 0.000, 12.565, 1.000, 1.000
0.000, 0.000, 12.469, 1.000, 1.000
0.000, 0.000, 12.508, 1.000, 1.000
0.000, 0.000, 12.419, 1.000, 1.000
0.000, 0.000, 12.353, 1.000, 1.000
0.000, 0.000, 12.355, 1.000, 1.000
0.000, 0.000, 12.479, 1.000, 1.000
0.000, 0.000, 12.496, 1.000, 1.000
0.000, 0.000, 12.444, 1.000, 1.000
0.000, 0.000, 12.573, 1.000, 1.000
0.000, 0.000, 12.356, 1.000, 1.000
0.000, 0.000, 12.350, 1.000, 1.000
0.000, 0.000, 12.364, 1.000, 1.000
0.000, 0.000, 12.366, 1.000, 1.000
0.000, 0.000, 12.544, 1.000, 1.000
0.000, 0.000, 12.493, 1.000, 1.000
0.000, 0.000, 12.268, 1.000, 1.000
0.000, 0.000, 12.283, 1.000, 1.000
0.000, 0.000, 12.397, 1.000, 1.000
0.000, 0.000, 12.385, 1.000, 1.000
0.000, 0.000, 12.438, 1.000, 1.000
0.000, 0.000, 12.690, 1.000, 1.000
0.000, 0.000, 12.343, 1.000, 1.000
0.000, 0.000, 12.330, 1.000, 1.000
0.000, 0.000, 12.419, 1.000, 1.000
0.000, 0.000, 12.541, 1.000, 1.000
0.000, 0.000, 12.262, 1.000, 1.000
0.000, 0.000, 12.445, 1.000, 1.000
0.000, 0.000, 12.525, 1.000, 1.000
0.000, 0.000, 12.454, 1.000, 1.000
0.000, 0.000, 12.424, 1.000, 1.000
0.000, 0.000, 12.473, 1.000, 1.000
0.000, 0.000, 12.444, 1.000, 1.000
0.000, 0.000, 12.618, 1.000, 1.000
0.000, 0.000, 12.417, 1.000, 1.000
0.000, 0.000, 12.443, 1.000, 1.000
0.000, 0.000, 12.550, 1.000, 1.000
0.000, 0.000, 12.335, 1.000, 1.000
0.000, 0.000, 12.375, 1.000, 1.000
0.000, 0.000, 12.376, 1.000, 1.000
0.000, 0.000, 12.468, 1.000, 1.000
0.000, 0.000, 12.494, 1.000, 1.000
0.000, 0.000, 12.378, 1.000, 1.000, 98.966
0.000, 0.000, 12.559, 1.000, 1.000
0.000, 0.000, 12.539, 1.000, 1.000
0.000, 0.000, 12.346, 1.000, 1.000
0.000, 0.000, 12.601, 1.000, 1.000
0.000, 0.000, 12.447, 1.000, 1.000
0.000, 0.000, 12.581, 1.000, 1.000
0.000, 0.000, 12.416, 1.000, 1.000
0.000, 0.000, 12.489, 1.000, 1.000
0.000, 0.000, 12.552, 1.000, 1.000
